MeteorSite,-9950,-9935,12276,12306
StoneLeafMound,-9957,-9950,12311,12320
RLCraft_DecentWitch,-9849,-9849,12406,12406
RLCraft_UndergroundRuin2,-9854,-9844,12404,12411
StoneLeafMound,-10038,-10029,12419,12426
StonePlantMound4,-10057,-10050,12300,12307
ShrineSmallAir,-9846,-9838,12436,12444
MysticalTree2,-10149,-10139,12419,12429
SmallOutpost,-10138,-10116,12408,12438
RLCraft_SmallUndergroundSkeleton,-10164,-10156,12293,12301
StoneBoulder,-10199,-10190,12350,12359
StonePlantMound3,-10200,-10189,12380,12389
PeacefulCrypt,-10230,-10214,12392,12416
ShrineSmallEarth,-9955,-9943,12487,12499
StonePlantMound4,-10137,-10130,12538,12545
ShrineSmallAir,-10088,-10080,12571,12579
ClayWaterMound1,-10033,-10023,12653,12664
StonePlantMound3,-9996,-9985,12676,12685
DinosaurSkull,-9929,-9910,12607,12618
StonePlantMound4,-9929,-9922,12622,12629
StonePlantMound4,-10014,-10007,12749,12756
ShrineSmallAir,-9984,-9976,12732,12740
RLCraft_DecentSkeleton,-9911,-9911,12691,12691
RLCraft_UndergroundRuin3,-9916,-9908,12685,12693
RLCraft_DecentCaveSpider,-9944,-9944,12754,12754
RLCraft_UndergroundRuin2,-9946,-9939,12749,12759
StoneLeafMound,-9951,-9942,12780,12787
StoneBoulder,-9783,-9774,12769,12778
SpiderPit,-9776,-9766,12761,12770
StonePlantBoulder,-9775,-9765,12737,12747
StonePlantBoulder,-9758,-9748,12783,12793
