StoneMazePathBig,-9683,-9675,12860,12868
StoneMazePathBig,-9680,-9672,12845,12853
StoneMazePath,-9677,-9675,12854,12856
StoneMazePath,-9677,-9675,12857,12859
StoneMazePath,-9680,-9678,12857,12859
StoneMazePath,-9674,-9672,12863,12865
StoneMazePath,-9674,-9672,12866,12868
StoneMazePath,-9680,-9678,12854,12856
StoneMazePath,-9683,-9681,12857,12859
StoneMazePath,-9683,-9681,12854,12856
StoneMazePath,-9674,-9672,12854,12856
StoneMazePath,-9671,-9669,12866,12868
StoneMazePath,-9671,-9669,12854,12856
StoneMazePath,-9671,-9669,12851,12853
StoneMazePath,-9671,-9669,12863,12865
StoneMazePath,-9686,-9684,12854,12856
StoneMazePath,-9671,-9669,12848,12850
StoneMazePath,-9668,-9666,12866,12868
StoneMazePath,-9689,-9687,12854,12856
StoneMazePath,-9686,-9684,12857,12859
StoneMazePath,-9689,-9687,12857,12859
StoneMazePath,-9668,-9666,12848,12850
StoneMazePath,-9668,-9666,12845,12847
StoneMazePath,-9668,-9666,12863,12865
StoneMazePath,-9671,-9669,12845,12847
StoneMazeShootingRange,-9674,-9666,12857,12862
StoneMazePath,-9686,-9684,12863,12865
StoneMazePath,-9686,-9684,12851,12853
StoneMazePath,-9686,-9684,12860,12862
StoneMazePath,-9668,-9666,12851,12853
StoneMazeEndChest,-9689,-9687,12860,12862
StoneMazePath,-9689,-9687,12851,12853
StoneMazePath,-9686,-9684,12848,12850
StoneMazePath,-9683,-9681,12851,12853
StoneMazePath,-9668,-9666,12854,12856
StoneMazeEndChest,-9689,-9687,12863,12865
StoneMazePath,-9683,-9681,12848,12850
StoneMazePath,-9686,-9684,12866,12868
StoneMazeEndChest,-9683,-9681,12845,12847
StoneMazePath,-9689,-9687,12848,12850
StoneMazeEndChest,-9686,-9684,12845,12847
StoneMazeEndChest,-9689,-9687,12845,12847
StoneMazeSmall,-9689,-9666,12845,12868
RLCraft_DecentSkeleton,-9638,-9638,12947,12947
RLCraft_UndergroundRuin3,-9641,-9633,12945,12953
RLCraft_BasicSkeleton,-9659,-9659,13008,13008
RLCraft_UndergroundRuin1,-9662,-9653,13002,13011
UndergroundCrypt,-9614,-9586,12882,12896
SmallClockworkSite,-9639,-9620,13072,13094
RLCraft_DecentSkeleton,-9528,-9528,12986,12986
RLCraft_UndergroundRuin2,-9530,-9523,12981,12991
JokerTower,-9623,-9615,13108,13116
RLCraft_DecentCaveSpider,-9508,-9508,13039,13039
RLCraft_UndergroundRuin2,-9513,-9506,13034,13044
RLCraft_DecentCaveSpider,-9718,-9718,13135,13135
RLCraft_UndergroundRuin3,-9724,-9716,13132,13140
UndergroundTreeoid,-9652,-9626,13203,13226
RLCraft_SmallTown,-9471,-9400,13133,13208
StonePlantMound4,-9425,-9418,13091,13098
ThreeTowers,-9431,-9400,12936,12968
MesoMazeStairCorridor,-9537,-9535,13308,13313
MesoMazePath,-9531,-9529,13308,13310
MesoMazePath,-9540,-9538,13308,13310
MesoMazePath,-9534,-9532,13308,13310
MesoMazePath,-9531,-9529,13289,13291
MesoMazeSpiderTurn,-9537,-9532,13286,13291
MesoMazePath,-9537,-9535,13283,13285
MesoMazePath,-9531,-9529,13286,13288
MesoMazePath,-9534,-9532,13283,13285
MesoMazePath,-9540,-9538,13292,13294
MesoMazePath,-9540,-9538,13283,13285
MesoMazeCorridorCollapse,-9540,-9538,13286,13291
MesoMazePath,-9537,-9535,13292,13294
MesoMazePath,-9531,-9529,13283,13285
MesoMazePath,-9540,-9538,13292,13294
MesoMazePath,-9537,-9535,13292,13294
MesoMazePath,-9540,-9538,13283,13285
MesoMazePath,-9537,-9535,13283,13285
MesoMazeStairCorridor,-9534,-9529,13292,13294
MesoMazePath,-9537,-9535,13286,13288
MesoMazeSpiderTurn,-9528,-9523,13289,13294
MesoMazePath,-9537,-9535,13289,13291
MesoMazePath,-9525,-9523,13286,13288
MesoMazeGrowth,-9534,-9529,13283,13288
MesoMazePath,-9531,-9529,13289,13291
MesoMazePath,-9528,-9526,13286,13288
MesoMazePath,-9522,-9520,13286,13288
MesoMazePath,-9522,-9520,13289,13291
MesoMazePath,-9522,-9520,13292,13294
MesoMazePath,-9522,-9520,13283,13285
MesoMazePath,-9528,-9526,13283,13285
MesoMazePath,-9525,-9523,13283,13285
SnakeTemple,-9545,-9515,13278,13324
UndergroundCrypt,-9596,-9582,13291,13319
StonePlantMound3,-9334,-9323,13196,13205
StoneBoulder,-9299,-9290,13240,13249
StonePlantMound,-9301,-9296,13053,13058
StonePlantMound,-9282,-9277,13191,13196
StonePlantMound,-9290,-9285,13143,13148
