DinosaurSkeleton,-8783,-8774,14830,14876
RLCraft_DecentWitch,-8826,-8826,14853,14853
RLCraft_UndergroundRuin2,-8828,-8821,14848,14858
StonePlantMound1,-8797,-8791,14872,14878
StonePlantMound2,-8798,-8785,14871,14883
RLCraft_DecentCaveSpider,-8746,-8746,14974,14974
RLCraft_UndergroundRuin2,-8748,-8741,14969,14979
RLCraft_DecentWitch,-8830,-8830,15004,15004
RLCraft_UndergroundRuin3,-8833,-8825,14998,15006
RLCraft_DecentWitch,-8829,-8829,15062,15062
RLCraft_UndergroundRuin3,-8831,-8823,15057,15065
RLCraft_DecentWitch,-8890,-8890,15101,15101
RLCraft_UndergroundRuin3,-8893,-8885,15099,15107
StonePlantMound4,-8898,-8891,14868,14875
StonePlantMound2,-8886,-8874,15158,15171
RLCraft_DecentSkeleton,-8937,-8937,15052,15052
RLCraft_UndergroundRuin2,-8942,-8932,15047,15054
StonePlantMound4,-8937,-8930,15199,15206
StoneLeafMound,-8952,-8943,15063,15070
StonePlantMound1,-8948,-8942,15158,15164
StonePlantMound4,-8710,-8703,15214,15221
RLCraft_SmallUndergroundSkeleton,-8962,-8954,15160,15168
StoneLeafMound,-8958,-8949,14916,14923
StoneLeafMound,-8992,-8983,14949,14956
Tree_Oak_TheMushroomOak_v3,-9131,-9081,15027,15086
StonePlantMound1,-9062,-9056,14990,14996
StonePlantMound4,-9170,-9163,15093,15100
StonePlantMound3,-9127,-9116,15307,15316
MesoMazeCorridorCollapse,-9146,-9144,15288,15293
MesoMazePath,-9146,-9144,15285,15287
MesoMazeGrowth,-9152,-9147,15285,15290
MesoMazeStairTurn,-9158,-9153,15288,15293
MesoMazeSpiderTurn,-9143,-9138,15282,15287
MesoMazeStairCorridor,-9158,-9156,15294,15299
MesoMazeStairTurn,-9146,-9141,15276,15281
MesoMazePath,-9140,-9138,15279,15281
MesoMazePath,-9146,-9144,15282,15284
MesoMazeZombieTable,-9143,-9138,15300,15305
MesoMazePath,-9149,-9147,15276,15278
MesoMazePath,-9149,-9147,15282,15284
MesoMazeSpiderTurn,-9146,-9141,15282,15287
MesoMazeGrowth,-9140,-9135,15279,15284
MesoMazeSpiderTurn,-9158,-9153,15300,15305
MesoMazePath,-9149,-9147,15279,15281
MesoMazeStairTurn,-9134,-9129,15282,15287
MesoMazePath,-9137,-9135,15279,15281
MesoMazePath,-9149,-9147,15273,15275
MesoMazeCorridorCollapse,-9146,-9141,15273,15275
MesoMazeSpiderTurn,-9152,-9147,15282,15287
MesoMazeGrowth,-9158,-9153,15282,15287
MesoMazePath,-9149,-9147,15273,15275
MesoMazePath,-9134,-9132,15279,15281
MesoMazePath,-9152,-9150,15276,15278
MesoMazeStorage,-9164,-9159,15300,15305
MesoMazeGrowth,-9161,-9156,15276,15281
MesoMazePath,-9164,-9162,15297,15299
MesoMazePath,-9149,-9147,15288,15290
MesoMazeCorridorCollapse,-9140,-9135,15273,15275
MesoMazePath,-9152,-9150,15288,15290
MesoMazePath,-9149,-9147,15276,15278
MesoMazeGrowth,-9155,-9150,15273,15278
MesoMazePath,-9134,-9132,15276,15278
MesoMazeStairCorridor,-9131,-9126,15276,15278
MesoMazePath,-9137,-9135,15276,15278
MesoMazePath,-9158,-9156,15273,15275
MesoMazePath,-9152,-9150,15291,15293
MesoMazeStairTurn,-9128,-9123,15282,15287
MesoMazeZombieTable,-9155,-9150,15279,15284
MesoMazePath,-9131,-9129,15279,15281
MesoMazePath,-9149,-9147,15291,15293
MesoMazePath,-9134,-9132,15273,15275
MesoMazePath,-9134,-9132,15276,15278
MesoMazeStairCorridor,-9143,-9141,15288,15293
MesoMazePath,-9137,-9135,15276,15278
MesoMazePath,-9140,-9138,15276,15278
MesoMazePath,-9125,-9123,15276,15278
MesoMazePath,-9134,-9132,15273,15275
MesoMazePath,-9125,-9123,15279,15281
MesoMazePath,-9128,-9126,15279,15281
MesoMazePath,-9125,-9123,15279,15281
MesoMazeStairCorridor,-9131,-9126,15273,15275
MesoMazeStairTurn,-9131,-9126,15288,15293
MesoMazeStorage,-9167,-9162,15291,15296
MesoMazeStairCorridor,-9167,-9165,15297,15302
MesoMazePath,-9122,-9120,15276,15278
MesoMazePath,-9161,-9159,15297,15299
MesoMazeSpiderTurn,-9149,-9144,15294,15299
MesoMazePath,-9125,-9123,15288,15290
MesoMazeGrowth,-9155,-9150,15294,15299
MesoMazeSpiderTurn,-9143,-9138,15294,15299
MesoMazeStairCorridor,-9131,-9129,15294,15299
MesoMazeZombieTable,-9140,-9135,15294,15299
MesoMazeStairTurn,-9140,-9135,15288,15293
MesoMazeZombieTable,-9125,-9120,15273,15278
MesoMazePath,-9125,-9123,15273,15275
MesoMazePath,-9122,-9120,15273,15275
MesoMazePath,-9161,-9159,15291,15293
MesoMazePath,-9161,-9159,15273,15275
MesoMazeStairCorridor,-9125,-9123,15291,15296
MesoMazePath,-9122,-9120,15279,15281
MesoMazeStairTurn,-9128,-9123,15297,15302
MesoMazePath,-9149,-9147,15279,15281
MesoMazePath,-9122,-9120,15288,15290
MesoMazeCorridorCollapse,-9122,-9120,15282,15287
MesoMazePath,-9161,-9159,15294,15296
MesoMazeSpiderTurn,-9137,-9132,15300,15305
MesoMazePath,-9164,-9162,15273,15275
MesoMazePath,-9131,-9129,15300,15302
MesoMazePath,-9137,-9135,15285,15287
MesoMazePath,-9128,-9126,15303,15305
MesoMazePath,-9131,-9129,15303,15305
MesoMazePath,-9122,-9120,15279,15281
MesoMazeCorridorCollapse,-9131,-9129,15306,15311
MesoMazePath,-9131,-9129,15303,15305
MesoMazePath,-9122,-9120,15288,15290
MesoMazePath,-9134,-9132,15288,15290
MesoMazePath,-9128,-9126,15303,15305
MesoMazePath,-9122,-9120,15297,15299
MesoMazePath,-9167,-9165,15273,15275
MesoMazePath,-9167,-9165,15303,15305
MesoMazeCorridorCollapse,-9134,-9132,15291,15296
MesoMazePath,-9131,-9129,15312,15314
MesoMazeStairTurn,-9128,-9123,15309,15314
MesoMazePath,-9149,-9147,15291,15293
MesoMazePath,-9122,-9120,15294,15296
MesoMazePath,-9128,-9126,15315,15317
MesoMazePath,-9134,-9132,15297,15299
MesoMazePath,-9134,-9132,15297,15299
MesoMazeSpiderTurn,-9137,-9132,15312,15317
MesoMazePath,-9125,-9123,15303,15305
MesoMazePath,-9122,-9120,15303,15305
MesoMazeGrowth,-9134,-9129,15312,15317
MesoMazePath,-9125,-9123,15306,15308
MesoMazePath,-9122,-9120,15306,15308
MesoMazePath,-9128,-9126,15306,15308
MesoMazePath,-9149,-9147,15294,15296
MesoMazePath,-9134,-9132,15288,15290
MesoMazePath,-9149,-9147,15297,15299
MesoMazeGrowth,-9131,-9126,15315,15320
MesoMazePath,-9137,-9135,15297,15299
MesoMazePath,-9137,-9135,15318,15320
MesoMazePath,-9134,-9132,15318,15320
MesoMazePath,-9128,-9126,15279,15281
MesoMazePath,-9122,-9120,15300,15302
MesoMazePath,-9125,-9123,15306,15308
MesoMazePath,-9125,-9123,15318,15320
MesoMazeStairTurn,-9143,-9138,15315,15320
MesoMazePath,-9122,-9120,15291,15293
MesoMazePath,-9122,-9120,15318,15320
MesoMazeStairTurn,-9149,-9144,15312,15317
MesoMazeStairTurn,-9155,-9150,15309,15314
MesoMazePath,-9122,-9120,15315,15317
MesoMazePath,-9140,-9138,15285,15287
MesoMazeStairTurn,-9143,-9138,15309,15314
MesoMazeStairTurn,-9137,-9132,15306,15311
MesoMazePath,-9146,-9144,15318,15320
MesoMazeGrowth,-9137,-9132,15300,15305
MesoMazePath,-9137,-9135,15312,15314
MesoMazePath,-9122,-9120,15303,15305
MesoMazePath,-9122,-9120,15306,15308
MesoMazeStairCorridor,-9161,-9156,15309,15311
MesoMazePath,-9155,-9153,15306,15308
MesoMazePath,-9125,-9123,15303,15305
MesoMazeZombieTable,-9167,-9162,15309,15314
MesoMazePath,-9140,-9138,15306,15308
MesoMazePath,-9137,-9135,15315,15317
MesoMazeCorridorCollapse,-9146,-9141,15306,15308
MesoMazeStairTurn,-9161,-9156,15312,15317
MesoMazeCorridorCollapse,-9152,-9147,15306,15308
MesoMazePath,-9137,-9135,15318,15320
MesoMazePath,-9134,-9132,15318,15320
MesoMazePath,-9155,-9153,15315,15317
MesoMazeStairCorridor,-9122,-9120,15309,15314
MesoMazePath,-9131,-9129,15318,15320
MesoMazePath,-9140,-9138,15306,15308
MesoMazePath,-9158,-9156,15318,15320
MesoMazePath,-9152,-9150,15315,15317
MesoMazePath,-9155,-9153,15306,15308
MesoMazeCorridorCollapse,-9161,-9156,15306,15308
MesoMazePath,-9161,-9159,15318,15320
MesoMazePath,-9164,-9162,15318,15320
MesoMazePath,-9164,-9162,15306,15308
MesoMazePath,-9167,-9165,15306,15308
MesoMazeGrowth,-9164,-9159,15300,15305
MesoMazeGrowth,-9164,-9159,15294,15299
MesoMazePath,-9122,-9120,15315,15317
MesoMazePath,-9152,-9150,15318,15320
MesoMazePath,-9125,-9123,15315,15317
MesoMazePath,-9164,-9162,15315,15317
MesoMazePath,-9122,-9120,15318,15320
MesoMazePath,-9125,-9123,15318,15320
MesoMazePath,-9155,-9153,15318,15320
MesoMazeGrowth,-9164,-9159,15288,15293
MesoMazePath,-9164,-9162,15306,15308
MesoMazeGrowth,-9164,-9159,15282,15287
MesoMazePath,-9149,-9147,15318,15320
MesoMazePath,-9146,-9144,15318,15320
MesoMazeZombieTable,-9167,-9162,15309,15314
MesoMazeSpiderTurn,-9167,-9162,15276,15281
MesoMazeCorridorCollapse,-9167,-9165,15282,15287
MesoMazeSpiderTurn,-9161,-9156,15276,15281
MesoMazePath,-9167,-9165,15306,15308
MesoMazePath,-9167,-9165,15279,15281
MesoMazePath,-9158,-9156,15273,15275
MesoMazePath,-9167,-9165,15288,15290
MesoMazePath,-9155,-9153,15273,15275
MesoMazePath,-9161,-9159,15273,15275
MesoMazePath,-9164,-9162,15288,15290
MesoMazePath,-9167,-9165,15288,15290
MesoMazePath,-9158,-9156,15318,15320
MesoMazePath,-9167,-9165,15276,15278
MesoMazePath,-9167,-9165,15291,15293
MesoMazePath,-9152,-9150,15273,15275
MesoMazePath,-9161,-9159,15318,15320
MesoMazePath,-9167,-9165,15294,15296
MesoMazePath,-9164,-9162,15318,15320
MesoMazePath,-9167,-9165,15318,15320
MesoMazePath,-9167,-9165,15315,15317
MesoMazePath,-9164,-9162,15315,15317
MesoMazePagoda,-9167,-9120,15273,15320
RLCraft_DecentSpider,-9147,-9147,15054,15054
RLCraft_UndergroundRuin3,-9153,-9145,15049,15057
StonePlantMound2,-9175,-9163,15024,15037
