RLCraft_DecentSkeleton,-7448,-7448,10795,10795
RLCraft_UndergroundRuin3,-7450,-7442,10792,10800
TribalJungleHead,-7535,-7525,10817,10827
RLCraft_SmallUndergroundSkeleton,-7605,-7597,10789,10797
RLCraft_BasicWitch,-7518,-7518,10861,10861
RLCraft_UndergroundRuin1,-7521,-7512,10855,10864
TribalJungleHead,-7644,-7634,10754,10764
TribalJungleHead,-7656,-7646,10823,10833
RLCraft_BasicWitch,-7659,-7659,10869,10869
RLCraft_UndergroundRuin1,-7665,-7656,10863,10872
P_MayanTemple2,-7515,-7416,10865,10933
RLCraft_DecentCaveSpider,-7630,-7630,10967,10967
RLCraft_UndergroundRuin3,-7633,-7625,10965,10973
StatueTemple,-7654,-7583,10895,10997
MesoMazePath,-7462,-7460,10995,10997
MesoMazeGrowth,-7462,-7457,10989,10994
MesoMazePath,-7459,-7457,10995,10997
MesoMazePath,-7459,-7457,10992,10994
MesoMazePath,-7462,-7460,10992,10994
MesoMazePath,-7456,-7454,10992,10994
MesoMazePath,-7459,-7457,10986,10988
MesoMazePath,-7462,-7460,10989,10991
MesoMazePath,-7462,-7460,10986,10988
MesoMazePath,-7456,-7454,10986,10988
MesoMazePath,-7459,-7457,10989,10991
MesoMazePath,-7456,-7454,10989,10991
MesoMazePath,-7456,-7454,10989,10991
MesoMazePath,-7453,-7451,10992,10994
MesoMazePath,-7456,-7454,10986,10988
MesoMazeStairCorridor,-7453,-7451,10986,10991
MesoMazePath,-7453,-7451,10995,10997
MesoMazePath,-7453,-7451,10983,10985
MesoMazePath,-7456,-7454,10983,10985
MesoMazePath,-7459,-7457,10983,10985
MesoMazeSpiderTurn,-7459,-7454,10977,10982
MesoMazePath,-7462,-7460,10983,10985
MesoMazePath,-7459,-7457,10986,10988
MesoMazePath,-7462,-7460,10986,10988
MesoMazePath,-7462,-7460,10980,10982
MesoMazePath,-7462,-7460,10977,10979
MesoMazePath,-7456,-7454,10995,10997
MesoMazePath,-7481,-7479,10986,10988
MesoMazeGrowth,-7481,-7476,10989,10994
MesoMazeSpiderTurn,-7481,-7476,10989,10994
MesoMazePath,-7484,-7482,10989,10991
MesoMazeStairCorridor,-7481,-7476,10995,10997
MesoMazePath,-7484,-7482,10995,10997
MesoMazePath,-7484,-7482,10986,10988
MesoMazePath,-7478,-7476,10986,10988
MesoMazePath,-7487,-7485,10995,10997
MesoMazePath,-7484,-7482,10992,10994
MesoMazePath,-7487,-7485,10992,10994
MesoMazePath,-7484,-7482,10995,10997
MesoMazePath,-7484,-7482,10989,10991
MesoMazePath,-7487,-7485,10992,10994
MesoMazeStairCorridor,-7487,-7485,10986,10991
MesoMazePath,-7487,-7485,10995,10997
MesoMazeStorage,-7487,-7482,10980,10985
MesoMazePath,-7484,-7482,10992,10994
MesoMazePath,-7481,-7479,10983,10985
MesoMazeStorage,-7481,-7476,10977,10982
MesoMazePath,-7478,-7476,10983,10985
MesoMazePath,-7484,-7482,10986,10988
MesoMazePath,-7484,-7482,10977,10979
MesoMazePath,-7481,-7479,10986,10988
MesoMazePath,-7487,-7485,10977,10979
MesoMazePath,-7478,-7476,10986,10988
SnakeTemple,-7492,-7446,10972,11002
RLCraft_SmallUndergroundSkeleton,-7594,-7586,11001,11009
