StonePlantMound4,-9734,-9727,15487,15494
StoneLeafMound,-9762,-9755,15461,15470
StonePlantMound3,-9782,-9771,15398,15407
StoneBoulder,-9865,-9856,15556,15565
StoneLeafMound,-9858,-9849,15592,15599
StonePlantMound3,-9851,-9842,15649,15660
StonePlantMound3,-9791,-9780,15672,15681
RLCraft_DecentWitch,-9929,-9929,15630,15630
RLCraft_UndergroundRuin3,-9931,-9923,15625,15633
StonePlantMound4,-9959,-9952,15541,15548
StoneBoulder,-9837,-9828,15694,15703
StonePlantMound3,-9923,-9912,15660,15669
StonePlantMound4,-9845,-9838,15706,15713
ClayWaterMound,-9872,-9864,15747,15754
DinosaurSkeleton,-9970,-9924,15749,15758
StoneBoulder,-9945,-9936,15794,15803
StonePlantMound3,-9850,-9841,15805,15816
StonePlantBoulder,-9855,-9845,15860,15870
