StonePlantMound1,-8864,-8858,14352,14358
StonePlantBoulder,-9022,-9012,14339,14349
StonePlantMound3,-8922,-8911,14398,14407
StonePlantMound4,-8870,-8863,14387,14394
RLCraft_BasicSkeleton,-9003,-9003,14402,14402
RLCraft_UndergroundRuin1,-9006,-8997,14399,14408
RLCraft_DecentSkeleton,-8927,-8927,14448,14448
RLCraft_UndergroundRuin3,-8930,-8922,14446,14454
StoneMazeStudy,-8834,-8820,14429,14437
StoneMazePath,-8843,-8841,14429,14431
StoneMazePath,-8843,-8841,14432,14434
StoneMazePath,-8843,-8841,14435,14437
StoneMazePath,-8840,-8838,14429,14431
StoneMazePath,-8843,-8841,14426,14428
StoneMazePath,-8843,-8841,14423,14425
StoneMazeEndChest,-8840,-8838,14435,14437
StoneMazePath,-8840,-8838,14426,14428
StoneMazePath,-8840,-8838,14432,14434
StoneMazePath,-8837,-8835,14429,14431
StoneMazePath,-8828,-8826,14429,14431
StoneMazePath,-8840,-8838,14423,14425
StoneMazePath,-8837,-8835,14426,14428
StoneMazePath,-8837,-8835,14423,14425
StoneMazePath,-8834,-8832,14423,14425
StoneMazePath,-8834,-8832,14426,14428
StoneMazePath,-8828,-8826,14426,14428
StoneMazePath,-8837,-8835,14420,14422
StoneMazePath,-8834,-8832,14420,14422
StoneMazePath,-8831,-8829,14426,14428
StoneMazePath,-8831,-8829,14423,14425
StoneMazePath,-8840,-8838,14420,14422
StoneMazePath,-8831,-8829,14420,14422
StoneMazePath,-8828,-8826,14423,14425
StoneMazePath,-8843,-8841,14420,14422
StoneMazePath,-8828,-8826,14420,14422
StoneMazePath,-8825,-8823,14420,14422
StoneMazeEndChest,-8825,-8823,14423,14425
StoneMazeSmall,-8843,-8820,14420,14443
RLCraft_SmallUndergroundSkeleton,-8821,-8813,14511,14519
RLCraft_SmallUndergroundSkeleton,-8888,-8880,14543,14551
StonePlantMound1,-8732,-8726,14614,14620
StoneLeafMound,-8787,-8780,14628,14637
P_WitchDungeon,-8734,-8717,14716,14750
StonePlantBoulder,-8826,-8816,14723,14733
StoneBoulder,-8837,-8828,14752,14761
StonePlantMound2,-8853,-8841,14726,14739
StonePlantBoulder,-9190,-9180,14769,14779
StoneBoulder,-9185,-9176,14810,14819
StonePlantBoulder,-9155,-9145,14614,14624
StoneMazeStudy,-9133,-9125,14636,14650
StoneMazePath,-9127,-9125,14627,14629
StoneMazePath,-9127,-9125,14630,14632
StoneMazePath,-9127,-9125,14642,14644
StoneMazePathBig,-9124,-9116,14639,14647
StoneMazePath,-9130,-9128,14630,14632
StoneMazePath,-9121,-9119,14636,14638
StoneMazePath,-9121,-9119,14633,14635
StoneMazePath,-9121,-9119,14630,14632
StoneMazePath,-9124,-9122,14633,14635
StoneMazePath,-9133,-9131,14630,14632
StoneMazePath,-9133,-9131,14633,14635
StoneMazePath,-9124,-9122,14630,14632
StoneMazePath,-9130,-9128,14633,14635
StoneMazePath,-9124,-9122,14636,14638
StoneMazePath,-9127,-9125,14633,14635
StoneMazeEndChest,-9121,-9119,14627,14629
StoneMazePath,-9124,-9122,14627,14629
StoneMazeSmall,-9139,-9116,14627,14650
P_WizardTower,-9220,-9190,14475,14505
RLCraft_SmallUndergroundSkeleton,-9100,-9092,14674,14682
StonePlantMound3,-9170,-9161,14388,14399
StonePlantMound2,-9062,-9050,14458,14471
StoneLeafMound,-9064,-9055,14442,14449
StonePlantMound1,-9078,-9072,14412,14418
StonePlantMound,-9062,-9057,14419,14424
StonePlantMound3,-9033,-9022,14498,14507
StonePlantMound,-8976,-8971,14530,14535
StoneBoulder,-8977,-8968,14602,14611
