StonePlantMound4,-9307,-9300,15391,15398
StoneBoulder,-9345,-9336,15421,15430
StonePlantBoulder,-9359,-9349,15410,15420
StoneBoulder,-9386,-9377,15390,15399
StonePlantBoulder,-9370,-9360,15434,15444
StoneLeafMound,-9494,-9487,15381,15390
StonePlantMound2,-9451,-9439,15438,15451
ShrineSmallFire,-9538,-9528,15376,15386
MesoMazeSpiderTurn,-9419,-9414,15482,15487
MesoMazeGrowth,-9422,-9417,15470,15475
MesoMazePath,-9419,-9417,15467,15469
MesoMazeSpiderTurn,-9425,-9420,15482,15487
MesoMazeCorridorCollapse,-9419,-9417,15461,15466
MesoMazeZombieTable,-9422,-9417,15455,15460
MesoMazePath,-9422,-9420,15461,15463
MesoMazeStairCorridor,-9416,-9414,15476,15481
MesoMazeSpiderTurn,-9419,-9414,15467,15472
MesoMazePath,-9422,-9420,15464,15466
MesoMazeStairCorridor,-9425,-9423,15488,15493
MesoMazePath,-9422,-9420,15467,15469
MesoMazeStairTurn,-9425,-9420,15494,15499
MesoMazePath,-9413,-9411,15470,15472
MesoMazeCorridorCollapse,-9428,-9423,15467,15469
MesoMazeSpiderTurn,-9434,-9429,15464,15469
MesoMazePath,-9419,-9417,15458,15460
MesoMazeStorage,-9431,-9426,15458,15463
MesoMazePath,-9422,-9420,15467,15469
MesoMazePath,-9419,-9417,15455,15457
MesoMazeGrowth,-9434,-9429,15467,15472
MesoMazeCorridorCollapse,-9413,-9411,15473,15478
MesoMazeSpiderTurn,-9413,-9408,15464,15469
MesoMazePath,-9416,-9414,15464,15466
MesoMazeGrowth,-9413,-9408,15467,15472
MesoMazePath,-9428,-9426,15464,15466
MesoMazeCorridorCollapse,-9413,-9411,15479,15484
MesoMazeGrowth,-9416,-9411,15458,15463
MesoMazeStorage,-9413,-9408,15485,15490
MesoMazePath,-9416,-9414,15473,15475
MesoMazePath,-9434,-9432,15458,15460
MesoMazePath,-9419,-9417,15473,15475
MesoMazeGrowth,-9419,-9414,15497,15502
MesoMazeStorage,-9422,-9417,15476,15481
MesoMazePath,-9410,-9408,15470,15472
MesoMazePath,-9422,-9420,15488,15490
MesoMazeStairCorridor,-9410,-9408,15479,15484
MesoMazePath,-9434,-9432,15461,15463
MesoMazeSpiderTurn,-9428,-9423,15479,15484
MesoMazePath,-9410,-9408,15476,15478
MesoMazePath,-9413,-9411,15455,15457
MesoMazeSpiderTurn,-9410,-9405,15473,15478
MesoMazePath,-9407,-9405,15488,15490
MesoMazeSpiderTurn,-9404,-9399,15473,15478
MesoMazePath,-9425,-9423,15485,15487
MesoMazeSpiderTurn,-9410,-9405,15461,15466
MesoMazeStorage,-9425,-9420,15470,15475
MesoMazeSpiderTurn,-9404,-9399,15467,15472
MesoMazePath,-9425,-9423,15476,15478
MesoMazePath,-9407,-9405,15470,15472
MesoMazePath,-9407,-9405,15467,15469
MesoMazePath,-9422,-9420,15491,15493
MesoMazeGrowth,-9407,-9402,15473,15478
MesoMazeGrowth,-9440,-9435,15461,15466
MesoMazePath,-9410,-9408,15473,15475
MesoMazeGrowth,-9431,-9426,15494,15499
MesoMazeStairTurn,-9431,-9426,15473,15478
MesoMazePath,-9422,-9420,15482,15484
MesoMazeStairCorridor,-9413,-9408,15500,15502
MesoMazeGrowth,-9407,-9402,15497,15502
MesoMazeStairCorridor,-9404,-9399,15488,15490
MesoMazeStairTurn,-9440,-9435,15470,15475
MesoMazeStorage,-9401,-9396,15470,15475
MesoMazePath,-9437,-9435,15467,15469
MesoMazePath,-9416,-9414,15455,15457
MesoMazePath,-9398,-9396,15467,15469
MesoMazeStairCorridor,-9398,-9396,15461,15466
MesoMazeZombieTable,-9419,-9414,15482,15487
MesoMazePath,-9407,-9405,15485,15487
MesoMazePath,-9428,-9426,15485,15487
MesoMazePath,-9398,-9396,15488,15490
MesoMazePath,-9428,-9426,15470,15472
MesoMazeSpiderTurn,-9404,-9399,15458,15463
MesoMazePath,-9401,-9399,15476,15478
MesoMazePath,-9413,-9411,15485,15487
MesoMazePath,-9404,-9402,15464,15466
MesoMazeGrowth,-9404,-9399,15482,15487
MesoMazeGrowth,-9401,-9396,15482,15487
MesoMazePath,-9440,-9438,15467,15469
MesoMazeStairTurn,-9419,-9414,15491,15496
MesoMazeSpiderTurn,-9401,-9396,15494,15499
MesoMazePath,-9398,-9396,15482,15484
MesoMazePath,-9401,-9399,15491,15493
MesoMazePath,-9404,-9402,15470,15472
MesoMazePath,-9407,-9405,15467,15469
MesoMazePath,-9407,-9405,15482,15484
MesoMazeStairCorridor,-9437,-9432,15497,15499
MesoMazePath,-9428,-9426,15470,15472
MesoMazePath,-9413,-9411,15488,15490
MesoMazePath,-9416,-9414,15488,15490
MesoMazePath,-9443,-9441,15464,15466
MesoMazePath,-9422,-9420,15485,15487
MesoMazeStairCorridor,-9431,-9429,15479,15484
MesoMazePath,-9422,-9420,15488,15490
MesoMazePath,-9398,-9396,15470,15472
MesoMazePath,-9413,-9411,15494,15496
MesoMazeGrowth,-9410,-9405,15455,15460
MesoMazeStairCorridor,-9398,-9396,15476,15481
MesoMazeCorridorCollapse,-9443,-9441,15458,15463
MesoMazePath,-9410,-9408,15494,15496
MesoMazePath,-9407,-9405,15491,15493
MesoMazePath,-9419,-9417,15488,15490
MesoMazePath,-9398,-9396,15491,15493
MesoMazePath,-9443,-9441,15455,15457
MesoMazeStorage,-9443,-9438,15476,15481
MesoMazeZombieTable,-9437,-9432,15476,15481
MesoMazePath,-9413,-9411,15455,15457
MesoMazePath,-9398,-9396,15485,15487
MesoMazeSpiderTurn,-9443,-9438,15464,15469
MesoMazePath,-9398,-9396,15458,15460
MesoMazePath,-9443,-9441,15455,15457
MesoMazeCorridorCollapse,-9440,-9435,15455,15457
MesoMazeStorage,-9434,-9429,15485,15490
MesoMazeCorridorCollapse,-9434,-9429,15455,15457
MesoMazeStorage,-9440,-9435,15458,15463
MesoMazePath,-9443,-9441,15467,15469
MesoMazePath,-9398,-9396,15473,15475
MesoMazePath,-9422,-9420,15491,15493
MesoMazePath,-9416,-9414,15455,15457
MesoMazePath,-9440,-9438,15497,15499
MesoMazePath,-9428,-9426,15455,15457
MesoMazePath,-9407,-9405,15470,15472
MesoMazePath,-9437,-9435,15467,15469
MesoMazePath,-9404,-9402,15494,15496
MesoMazePath,-9437,-9435,15464,15466
MesoMazePath,-9443,-9441,15497,15499
MesoMazePath,-9401,-9399,15479,15481
MesoMazePath,-9434,-9432,15464,15466
MesoMazePath,-9443,-9441,15500,15502
MesoMazePath,-9443,-9441,15473,15475
MesoMazeGrowth,-9410,-9405,15488,15493
MesoMazePath,-9419,-9417,15488,15490
MesoMazePath,-9410,-9408,15497,15499
MesoMazePath,-9398,-9396,15488,15490
MesoMazePath,-9404,-9402,15491,15493
MesoMazePath,-9434,-9432,15461,15463
MesoMazeSpiderTurn,-9431,-9426,15461,15466
MesoMazePath,-9401,-9399,15455,15457
MesoMazePath,-9398,-9396,15491,15493
MesoMazeGrowth,-9407,-9402,15494,15499
MesoMazePath,-9404,-9402,15479,15481
MesoMazePath,-9404,-9402,15455,15457
MesoMazePath,-9407,-9405,15494,15496
MesoMazeSpiderTurn,-9440,-9435,15482,15487
MesoMazeSpiderTurn,-9440,-9435,15488,15493
MesoMazeGrowth,-9413,-9408,15494,15499
MesoMazePath,-9401,-9399,15491,15493
MesoMazePath,-9401,-9399,15494,15496
MesoMazePath,-9398,-9396,15494,15496
MesoMazePath,-9434,-9432,15458,15460
MesoMazePath,-9401,-9399,15497,15499
MesoMazePath,-9443,-9441,15470,15472
MesoMazePath,-9401,-9399,15500,15502
MesoMazePath,-9404,-9402,15500,15502
MesoMazePath,-9404,-9402,15491,15493
MesoMazePath,-9434,-9432,15482,15484
MesoMazePath,-9413,-9411,15497,15499
MesoMazePath,-9398,-9396,15455,15457
MesoMazePath,-9443,-9441,15473,15475
MesoMazePath,-9431,-9429,15458,15460
MesoMazePath,-9407,-9405,15500,15502
MesoMazePath,-9428,-9426,15455,15457
MesoMazePath,-9398,-9396,15497,15499
MesoMazeStairCorridor,-9434,-9429,15491,15493
MesoMazePath,-9428,-9426,15491,15493
MesoMazePath,-9428,-9426,15458,15460
MesoMazePath,-9443,-9441,15470,15472
MesoMazePath,-9440,-9438,15494,15496
MesoMazeStorage,-9425,-9420,15455,15460
MesoMazePath,-9416,-9414,15497,15499
MesoMazePath,-9419,-9417,15497,15499
MesoMazePath,-9419,-9417,15500,15502
MesoMazeSpiderTurn,-9443,-9438,15488,15493
MesoMazeGrowth,-9431,-9426,15494,15499
MesoMazePath,-9422,-9420,15500,15502
MesoMazePath,-9443,-9441,15494,15496
MesoMazePath,-9416,-9414,15500,15502
MesoMazePath,-9422,-9420,15461,15463
MesoMazePath,-9437,-9435,15488,15490
MesoMazePath,-9425,-9423,15461,15463
MesoMazePath,-9437,-9435,15491,15493
MesoMazeZombieTable,-9434,-9429,15485,15490
MesoMazePath,-9422,-9420,15464,15466
MesoMazePath,-9437,-9435,15494,15496
MesoMazePath,-9431,-9429,15500,15502
MesoMazePath,-9425,-9423,15464,15466
MesoMazePath,-9434,-9432,15500,15502
MesoMazePath,-9437,-9435,15500,15502
MesoMazePath,-9425,-9423,15500,15502
MesoMazePath,-9443,-9441,15476,15478
MesoMazePath,-9440,-9438,15500,15502
MesoMazePath,-9437,-9435,15485,15487
MesoMazePath,-9428,-9426,15500,15502
MesoMazePath,-9440,-9438,15476,15478
MesoMazePath,-9437,-9435,15476,15478
MesoMazePath,-9437,-9435,15482,15484
MesoMazePath,-9431,-9429,15500,15502
MesoMazePath,-9440,-9438,15485,15487
MesoMazePath,-9413,-9411,15491,15493
MesoMazePath,-9443,-9441,15485,15487
MesoMazePath,-9443,-9441,15482,15484
MesoMazePath,-9440,-9438,15482,15484
MesoMazePath,-9434,-9432,15500,15502
MesoMazePath,-9437,-9435,15500,15502
MesoMazePath,-9440,-9438,15500,15502
MesoMazePath,-9437,-9435,15479,15481
MesoMazePath,-9440,-9438,15497,15499
MesoMazePath,-9443,-9441,15497,15499
MesoMazePath,-9443,-9441,15500,15502
MesoMazePath,-9443,-9441,15494,15496
MesoMazePath,-9434,-9432,15479,15481
MesoMazePath,-9440,-9438,15479,15481
MesoMazePath,-9443,-9441,15479,15481
MesoMazePath,-9443,-9441,15482,15484
MesoMazePath,-9443,-9441,15491,15493
MesoMazePath,-9443,-9441,15488,15490
MesoMazePath,-9443,-9441,15485,15487
MesoMazePagoda,-9443,-9396,15455,15502
StoneLeafMound,-9454,-9447,15462,15471
StonePlantMound2,-9580,-9568,15465,15478
StonePlantMound1,-9474,-9468,15514,15520
StonePlantMound3,-9639,-9630,15366,15377
StoneBoulder,-9663,-9654,15378,15387
RLCraft_SmallUndergroundSkeleton,-9589,-9581,15514,15522
RLCraft_DecentSkeleton,-9671,-9671,15432,15432
RLCraft_UndergroundRuin3,-9674,-9666,15430,15438
StonePlantMound,-9720,-9715,15507,15512
RLCraft_SmallUndergroundSkeleton,-9620,-9612,15596,15604
StonePlantMound1,-9705,-9699,15776,15782
StonePlantMound4,-9675,-9668,15686,15693
StoneBoulder,-9687,-9678,15803,15812
StonePlantMound3,-9676,-9665,15809,15818
RLCraft_SmallUndergroundSkeleton,-9683,-9675,15842,15850
StoneLeafMound,-9598,-9591,15669,15678
StoneMazeFountain,-9598,-9590,15754,15762
StoneMazePathBig,-9601,-9593,15727,15735
StoneMazeShootingRange,-9592,-9587,15730,15738
StoneMazePath,-9586,-9584,15730,15732
StoneMazePath,-9604,-9602,15730,15732
StoneMazePath,-9601,-9599,15757,15759
StoneMazePath,-9583,-9581,15730,15732
StoneMazePathBig,-9589,-9581,15745,15753
StoneMazeEndChest,-9601,-9599,15760,15762
StoneMazePath,-9604,-9602,15727,15729
StoneMazePath,-9583,-9581,15727,15729
StoneMazeStudy,-9616,-9602,15742,15750
StoneMazePath,-9586,-9584,15727,15729
StoneMazeStudy,-9616,-9602,15754,15762
StoneMazePath,-9586,-9584,15754,15756
StoneMazePath,-9583,-9581,15733,15735
StoneMazePath,-9589,-9587,15754,15756
StoneMazePath,-9589,-9587,15757,15759
StoneMazePath,-9586,-9584,15757,15759
StoneMazePath,-9589,-9587,15727,15729
StoneMazePath,-9592,-9590,15727,15729
StoneMazePath,-9583,-9581,15754,15756
StoneMazeSpiderRoom,-9610,-9605,15727,15732
StoneMazePath,-9583,-9581,15757,15759
StoneMazeEndChest,-9586,-9584,15742,15744
StoneMazePathBig,-9598,-9590,15745,15753
StoneMazePath,-9610,-9608,15748,15750
StoneMazePath,-9610,-9608,15751,15753
StoneMazePath,-9607,-9605,15751,15753
StoneMazePath,-9610,-9608,15754,15756
StoneMazePath,-9604,-9602,15751,15753
StoneMazePath,-9601,-9599,15751,15753
StoneMazeShootingRange,-9610,-9602,15733,15738
StoneMazePath,-9601,-9599,15748,15750
StoneMazePath,-9601,-9599,15745,15747
StoneMazePath,-9583,-9581,15760,15762
StoneMazePath,-9601,-9599,15742,15744
StoneMazePath,-9598,-9596,15742,15744
StoneMazePath,-9604,-9602,15739,15741
StoneMazeEndChest,-9601,-9599,15754,15756
StoneMazePath,-9595,-9593,15742,15744
StoneMazePath,-9601,-9599,15739,15741
StoneMazeEndChest,-9607,-9605,15739,15741
StoneMazePath,-9598,-9596,15739,15741
StoneMazePath,-9595,-9593,15739,15741
StoneMazePath,-9592,-9590,15742,15744
StoneMazePath,-9586,-9584,15760,15762
StoneMazePath,-9589,-9587,15742,15744
StoneMazePath,-9601,-9599,15736,15738
StoneMazePath,-9589,-9587,15739,15741
StoneMazePath,-9598,-9596,15736,15738
StoneMazePath,-9592,-9590,15739,15741
StoneMazePath,-9589,-9587,15760,15762
StoneMazePath,-9586,-9584,15739,15741
StoneMazePath,-9595,-9593,15736,15738
StoneMazeEndChest,-9586,-9584,15736,15738
StoneMaze,-9616,-9581,15727,15762
StoneBoulder,-9519,-9510,15624,15633
