StoneBoulder,-9153,-9144,13920,13929
ClayWaterMound1,-8958,-8947,13899,13909
StonePlantMound,-8939,-8934,13917,13922
StonePlantBoulder,-9116,-9106,14000,14010
StonePlantMound2,-9010,-8998,14027,14040
StoneBoulder,-9186,-9177,13990,13999
StonePlantMound3,-8865,-8856,13900,13911
StonePlantMound,-8957,-8952,14092,14097
RLCraft_DecentSpider,-8836,-8836,14062,14062
RLCraft_UndergroundRuin2,-8841,-8831,14060,14067
RLCraft_DecentWitch,-8930,-8930,14233,14233
RLCraft_UndergroundRuin3,-8936,-8928,14230,14238
StonePlantBoulder,-9030,-9020,14231,14241
StoneLeafMound,-8913,-8906,14228,14237
StoneMazeStudy,-8847,-8833,14211,14219
StoneMazePathBig,-8859,-8851,14199,14207
StoneMazePath,-8862,-8860,14202,14204
StoneMazePath,-8841,-8839,14211,14213
StoneMazePathBig,-8859,-8851,14208,14216
StoneMazePathBig,-8859,-8851,14217,14225
StoneMazePath,-8841,-8839,14208,14210
StoneMazePath,-8853,-8851,14232,14234
StoneMazeShootingRange,-8847,-8842,14202,14210
StoneMazePath,-8868,-8866,14211,14213
StoneMazePath,-8868,-8866,14214,14216
StoneMazePath,-8850,-8848,14208,14210
StoneMazePath,-8868,-8866,14217,14219
StoneMazePath,-8841,-8839,14205,14207
StoneMazePath,-8856,-8854,14232,14234
StoneMazePath,-8868,-8866,14220,14222
StoneMazePath,-8865,-8863,14202,14204
StoneMazePath,-8850,-8848,14205,14207
StoneMazePath,-8865,-8863,14211,14213
StoneMazePath,-8856,-8854,14229,14231
StoneMazePath,-8850,-8848,14211,14213
StoneMazePath,-8865,-8863,14220,14222
StoneMazeEndChest,-8850,-8848,14214,14216
StoneMazePath,-8850,-8848,14202,14204
StoneMazePath,-8862,-8860,14220,14222
StoneMazePath,-8862,-8860,14211,14213
StoneMazePath,-8865,-8863,14223,14225
StoneMazePath,-8862,-8860,14223,14225
StoneMazePath,-8862,-8860,14226,14228
StoneMazePath,-8868,-8866,14208,14210
StoneMazePath,-8862,-8860,14217,14219
StoneMazePath,-8865,-8863,14205,14207
StoneMazePath,-8853,-8851,14229,14231
StoneMazePath,-8865,-8863,14217,14219
StoneMazePath,-8865,-8863,14199,14201
StoneMazePath,-8865,-8863,14214,14216
StoneMazePath,-8853,-8851,14226,14228
StoneMazePath,-8856,-8854,14226,14228
StoneMazePath,-8868,-8866,14202,14204
StoneMazePath,-8865,-8863,14226,14228
StoneMazePath,-8859,-8857,14226,14228
StoneMazePath,-8868,-8866,14205,14207
StoneMazeEndChest,-8862,-8860,14214,14216
StoneMazePath,-8859,-8857,14229,14231
StoneMazePath,-8859,-8857,14232,14234
StoneMazePath,-8862,-8860,14199,14201
StoneMazePath,-8862,-8860,14229,14231
StoneMazePath,-8868,-8866,14223,14225
StoneMazePath,-8868,-8866,14226,14228
StoneMazePath,-8862,-8860,14232,14234
StoneMazePath,-8868,-8866,14229,14231
StoneMazeEndChest,-8865,-8863,14229,14231
StoneMazePath,-8865,-8863,14232,14234
StoneMazePath,-8868,-8866,14232,14234
StoneMaze,-8868,-8833,14199,14234
StonePlantMound3,-8803,-8794,14097,14108
StoneBoulder,-8820,-8811,14196,14205
StoneLeafMound,-8806,-8799,14177,14186
StonePlantMound,-8873,-8868,14272,14277
StonePlantMound4,-9082,-9075,14247,14254
RLCraft_4Towers,-8875,-8823,14236,14296
StoneLeafMound,-8782,-8773,14243,14250
StonePlantMound1,-8792,-8786,14302,14308
StonePlantMound1,-9185,-9179,14313,14319
StoneBoulder,-9143,-9134,14232,14241
