RLCraft_DecentWitch,-11367,-11367,12776,12776
RLCraft_UndergroundRuin2,-11372,-11365,12771,12781
RLCraft_BasicSkeleton,-11465,-11465,12761,12761
RLCraft_UndergroundRuin1,-11471,-11462,12755,12764
RLCraft_DecentZombie,-11509,-11509,12725,12725
RLCraft_UndergroundRuin3,-11512,-11504,12719,12727
RLCraft_DecentSkeleton,-11369,-11369,12718,12718
RLCraft_UndergroundRuin3,-11371,-11363,12713,12721
ShrineSmallEarth,-11583,-11571,12669,12681
RLCraft_BasicCaveSpider,-11712,-11712,12672,12672
RLCraft_UndergroundRuin1,-11715,-11706,12669,12678
RLCraft_DecentZombie,-11313,-11313,12596,12596
RLCraft_UndergroundRuin2,-11315,-11308,12591,12601
RLCraft_BasicSpider,-11327,-11327,12503,12503
RLCraft_UndergroundRuin1,-11330,-11321,12500,12509
RLCraft_SmallUndergroundSkeleton,-11444,-11436,12551,12559
RLCraft_SmallUndergroundSkeleton,-11506,-11498,12443,12451
StoneMazePath,-11561,-11559,12584,12586
StoneMazePath,-11561,-11559,12581,12583
StoneMazeShootingRange,-11585,-11577,12566,12571
StoneMazePath,-11561,-11559,12587,12589
StoneMazePathBig,-11585,-11577,12593,12601
StoneMazePath,-11564,-11562,12587,12589
StoneMazePathBig,-11594,-11586,12584,12592
StoneMazePath,-11588,-11586,12596,12598
StoneMazePath,-11564,-11562,12590,12592
StoneMazePath,-11591,-11589,12596,12598
StoneMazePathBig,-11582,-11574,12572,12580
StoneMazePath,-11594,-11592,12596,12598
StoneMazePath,-11591,-11589,12599,12601
StoneMazePath,-11594,-11592,12599,12601
StoneMazeFountain,-11573,-11565,12587,12595
StoneMazeEndChest,-11588,-11586,12593,12595
StoneMazePathBig,-11591,-11583,12572,12580
StoneMazeFountain,-11573,-11565,12578,12586
StoneMazePathBig,-11585,-11577,12584,12592
StoneMazePath,-11576,-11574,12587,12589
StoneMazePath,-11561,-11559,12590,12592
StoneMazeEndChest,-11564,-11562,12593,12595
StoneMazePath,-11570,-11568,12596,12598
StoneMazeEndChest,-11591,-11589,12581,12583
StoneMazePath,-11564,-11562,12581,12583
StoneMazePath,-11561,-11559,12593,12595
StoneMazePath,-11588,-11586,12581,12583
StoneMazePath,-11594,-11592,12593,12595
StoneMazePath,-11561,-11559,12596,12598
StoneMazePath,-11570,-11568,12575,12577
StoneMazePath,-11591,-11589,12593,12595
StoneMazePath,-11576,-11574,12581,12583
StoneMazePath,-11564,-11562,12596,12598
StoneMazePath,-11573,-11571,12575,12577
StoneMazePath,-11582,-11580,12581,12583
StoneMazeEndChest,-11576,-11574,12584,12586
StoneMazePath,-11594,-11592,12575,12577
StoneMazePath,-11594,-11592,12572,12574
StoneMazePath,-11585,-11583,12581,12583
StoneMazeSpiderRoom,-11591,-11586,12566,12571
StoneMazePath,-11570,-11568,12599,12601
StoneMazePath,-11567,-11565,12596,12598
StoneMazePath,-11570,-11568,12572,12574
StoneMazePath,-11567,-11565,12575,12577
StoneMazeSpiderRoom,-11564,-11559,12572,12577
StoneMazePath,-11573,-11571,12572,12574
StoneMazePath,-11564,-11562,12584,12586
StoneMazePath,-11561,-11559,12599,12601
StoneMazePath,-11567,-11565,12599,12601
StoneMazePath,-11564,-11562,12599,12601
StoneMazePath,-11579,-11577,12581,12583
StoneMazePath,-11570,-11568,12569,12571
StoneMazePath,-11567,-11565,12569,12571
StoneMaze,-11594,-11559,12566,12601
ShrineSmallEarth,-11589,-11577,12638,12650
RLCraft_DecentSpider,-11453,-11453,12352,12352
RLCraft_UndergroundRuin3,-11459,-11451,12347,12355
RLCraft_DecentWitch,-11619,-11619,12351,12351
RLCraft_UndergroundRuin2,-11624,-11614,12346,12353
RLCraft_SmallUndergroundSkeleton,-11689,-11681,12354,12362
RLCraft_DecentCaveSpider,-11703,-11703,12355,12355
RLCraft_UndergroundRuin2,-11708,-11698,12350,12357
