MonolythHoly,-12906,-12892,17525,17539
RLCraft_BasicCaveSpider,-12947,-12947,17739,17739
RLCraft_UndergroundRuin1,-12950,-12941,17736,17745
RLCraft_BasicSkeleton,-13021,-13021,17526,17526
RLCraft_UndergroundRuin1,-13024,-13015,17523,17532
LonePillars,-13158,-13001,17460,17467
ShrineSmallFire,-13185,-13175,17490,17500
RLCraft_DecentZombie,-13207,-13207,17559,17559
RLCraft_UndergroundRuin2,-13212,-13202,17554,17561
StoneMazePathBig,-13284,-13276,17621,17629
StoneMazeShootingRange,-13287,-13279,17630,17635
StoneMazePath,-13251,-13249,17642,17644
StoneMazeShootingRange,-13257,-13249,17645,17650
StoneMazePath,-13269,-13267,17666,17668
StoneMazeSpiderRoom,-13290,-13285,17624,17629
StoneMazePath,-13272,-13270,17666,17668
StoneMazePath,-13275,-13273,17666,17668
StoneMazePath,-13266,-13264,17666,17668
StoneMazeFountain,-13296,-13288,17636,17644
StoneMazePath,-13251,-13249,17651,17653
StoneMazePathBig,-13272,-13264,17657,17665
StoneMazeSpiderRoom,-13263,-13258,17657,17662
StoneMazeShootingRange,-13269,-13261,17651,17656
StoneMazePath,-13278,-13276,17666,17668
StoneMazePath,-13293,-13291,17645,17647
StoneMazeEndChest,-13296,-13294,17645,17647
StoneMazePath,-13254,-13252,17651,17653
StoneMazePath,-13293,-13291,17633,17635
StoneMazePath,-13290,-13288,17645,17647
StoneMazePath,-13263,-13261,17666,17668
StoneMazePathBig,-13284,-13276,17636,17644
StoneMazePath,-13254,-13252,17654,17656
StoneMazePath,-13254,-13252,17642,17644
StoneMazePath,-13257,-13255,17651,17653
StoneMazePath,-13281,-13279,17666,17668
StoneMazePath,-13293,-13291,17630,17632
StoneMazePath,-13287,-13285,17645,17647
StoneMazePath,-13290,-13288,17633,17635
StoneMazePath,-13287,-13285,17639,17641
StoneMazePath,-13290,-13288,17630,17632
StoneMazePath,-13254,-13252,17657,17659
StoneMazeSpiderRoom,-13278,-13273,17660,17665
StoneMazeSpiderRoom,-13284,-13279,17660,17665
StoneMazePath,-13296,-13294,17633,17635
StoneMazePath,-13284,-13282,17666,17668
StoneMazePath,-13257,-13255,17654,17656
StoneMazePath,-13251,-13249,17654,17656
StoneMazePathBig,-13272,-13264,17642,17650
StoneMazePath,-13275,-13273,17639,17641
StoneMazeEndChest,-13251,-13249,17657,17659
StoneMazePath,-13287,-13285,17666,17668
StoneMazePath,-13281,-13279,17645,17647
StoneMazePath,-13287,-13285,17663,17665
StoneMazePath,-13260,-13258,17654,17656
StoneMazeSpiderRoom,-13290,-13285,17657,17662
StoneMazePath,-13272,-13270,17639,17641
StoneMazePath,-13269,-13267,17639,17641
StoneMazePath,-13269,-13267,17636,17638
StoneMazePath,-13257,-13255,17657,17659
StoneMazePath,-13284,-13282,17645,17647
StoneMazeEndChest,-13278,-13276,17645,17647
StoneMazePath,-13296,-13294,17630,17632
StoneMazeShootingRange,-13269,-13261,17630,17635
StoneMazePath,-13275,-13273,17636,17638
StoneMazePath,-13275,-13273,17633,17635
StoneMazePathBig,-13284,-13276,17648,17656
StoneMazePath,-13266,-13264,17639,17641
StoneMazePath,-13269,-13267,17627,17629
StoneMazePath,-13287,-13285,17651,17653
StoneMazePath,-13275,-13273,17642,17644
StoneMazeEndChest,-13281,-13279,17657,17659
StoneMazeEndChest,-13287,-13285,17648,17650
StoneMazePath,-13275,-13273,17645,17647
StoneMazePath,-13272,-13270,17633,17635
StoneMazePath,-13275,-13273,17651,17653
StoneMazeEndChest,-13275,-13273,17648,17650
StoneMazePath,-13269,-13267,17624,17626
StoneMazeEndChest,-13272,-13270,17636,17638
StoneMazePath,-13263,-13261,17639,17641
StoneMazePath,-13266,-13264,17624,17626
StoneMazePath,-13296,-13294,17627,17629
StoneMazePath,-13278,-13276,17633,17635
StoneMazePath,-13293,-13291,17627,17629
StoneMazePath,-13263,-13261,17636,17638
StoneMazePath,-13263,-13261,17642,17644
StoneMazePath,-13272,-13270,17630,17632
StoneMazePath,-13272,-13270,17651,17653
StoneMazePath,-13275,-13273,17654,17656
StoneMazePath,-13287,-13285,17654,17656
StoneMazeEndChest,-13266,-13264,17621,17623
StoneMazePath,-13263,-13261,17624,17626
StoneMazePath,-13296,-13294,17624,17626
StoneMazePath,-13275,-13273,17630,17632
StoneMazePath,-13257,-13255,17642,17644
StoneMazePath,-13275,-13273,17657,17659
StoneMazePath,-13260,-13258,17639,17641
StoneMazePath,-13266,-13264,17627,17629
StoneMazePath,-13263,-13261,17627,17629
StoneMazePath,-13278,-13276,17657,17659
StoneMazeFountain,-13260,-13252,17624,17632
StoneMazeEndChest,-13278,-13276,17630,17632
StoneMazePath,-13257,-13255,17639,17641
StoneMazePath,-13260,-13258,17636,17638
StoneMazeSpiderRoom,-13263,-13258,17645,17650
StoneMazePath,-13263,-13261,17621,17623
StoneMazeEndChest,-13257,-13255,17636,17638
StoneMazePath,-13260,-13258,17642,17644
StoneMazePath,-13293,-13291,17624,17626
StoneMazePath,-13275,-13273,17627,17629
StoneMazePath,-13254,-13252,17639,17641
StoneMazePath,-13257,-13255,17633,17635
StoneMazePath,-13272,-13270,17627,17629
StoneMazePath,-13254,-13252,17633,17635
StoneMazePath,-13251,-13249,17627,17629
StoneMazePath,-13251,-13249,17633,17635
StoneMazePath,-13293,-13291,17621,17623
StoneMazePath,-13251,-13249,17639,17641
StoneMazeEndChest,-13275,-13273,17624,17626
StoneMazeEndChest,-13251,-13249,17630,17632
StoneMazePath,-13251,-13249,17624,17626
StoneMazePath,-13251,-13249,17621,17623
StoneMazeEndChest,-13290,-13288,17621,17623
StoneMazePath,-13260,-13258,17621,17623
StoneMazePath,-13296,-13294,17621,17623
StoneMazePath,-13257,-13255,17621,17623
StoneMazeEndChest,-13254,-13252,17621,17623
StoneMazeBig,-13296,-13249,17621,17668
RLCraft_SmallUndergroundSkeleton,-13047,-13039,17734,17742
ThreeTowers,-13313,-13282,17589,17621
RLCraft_DecentCaveSpider,-13239,-13239,17812,17812
RLCraft_UndergroundRuin2,-13241,-13234,17807,17817
StoneMazePath,-13054,-13052,17804,17806
StoneMazePathBig,-13063,-13055,17801,17809
StoneMazePath,-13060,-13058,17810,17812
StoneMazeSpiderRoom,-13063,-13058,17795,17800
StoneMazeFountain,-13075,-13067,17798,17806
StoneMazePath,-13066,-13064,17804,17806
StoneMazePath,-13066,-13064,17807,17809
StoneMazePath,-13072,-13070,17807,17809
StoneMazePath,-13075,-13073,17807,17809
StoneMazeEndChest,-13060,-13058,17813,17815
StoneMazePath,-13057,-13055,17810,17812
StoneMazePath,-13066,-13064,17801,17803
StoneMazePath,-13069,-13067,17807,17809
StoneMazeEndChest,-13066,-13064,17798,17800
StoneMazePath,-13075,-13073,17810,17812
StoneMazePath,-13069,-13067,17810,17812
StoneMazePath,-13054,-13052,17810,17812
StoneMazePath,-13054,-13052,17813,17815
StoneMazePath,-13066,-13064,17810,17812
StoneMazeEndChest,-13072,-13070,17810,17812
StoneMazeEndChest,-13054,-13052,17807,17809
StoneMazePath,-13075,-13073,17813,17815
StoneMazePath,-13066,-13064,17813,17815
StoneMazePath,-13069,-13067,17813,17815
StoneMazeEndChest,-13057,-13055,17813,17815
StoneMazePath,-13063,-13061,17813,17815
StoneMazePath,-13072,-13070,17813,17815
StoneMazeSmall,-13075,-13052,17792,17815
