RLCraft_DecentSpider,-11770,-11770,5939,5939
RLCraft_UndergroundRuin3,-11775,-11767,5937,5945
ThreeTowers,-11689,-11657,6083,6114
MeteorSite,-11665,-11635,5985,6000
RLCraft_BasicZombie,-11568,-11568,6013,6013
RLCraft_UndergroundRuin1,-11574,-11565,6007,6016
StoneMazePathBig,-11730,-11722,5885,5893
StoneMazeStudy,-11730,-11722,5894,5908
StoneMazeEndChest,-11730,-11728,5900,5902
StoneMazePath,-11721,-11719,5888,5890
StoneMazeFountain,-11706,-11698,5861,5869
StoneMazePath,-11709,-11707,5864,5866
StoneMazePath,-11706,-11704,5906,5908
StoneMazePath,-11685,-11683,5876,5878
StoneMazePath,-11709,-11707,5906,5908
StoneMazePathBig,-11718,-11710,5885,5893
StoneMazePath,-11709,-11707,5903,5905
StoneMazePath,-11703,-11701,5870,5872
StoneMazeShootingRange,-11715,-11710,5900,5908
StoneMazePathBig,-11718,-11710,5876,5884
StoneMazePath,-11706,-11704,5870,5872
StoneMazeShootingRange,-11700,-11695,5870,5878
StoneMazePath,-11718,-11716,5906,5908
StoneMazePath,-11715,-11713,5873,5875
StoneMazePath,-11706,-11704,5873,5875
StoneMazePath,-11709,-11707,5873,5875
StoneMazePath,-11706,-11704,5903,5905
StoneMazePath,-11694,-11692,5870,5872
StoneMazePath,-11703,-11701,5903,5905
StoneMazePath,-11703,-11701,5873,5875
StoneMazePath,-11685,-11683,5879,5881
StoneMazePath,-11712,-11710,5873,5875
StoneMazePath,-11700,-11698,5903,5905
StoneMazePath,-11709,-11707,5870,5872
StoneMazeStudy,-11694,-11686,5864,5878
StoneMazePath,-11721,-11719,5891,5893
StoneMazePath,-11703,-11701,5906,5908
StoneMazeStudy,-11730,-11722,5870,5884
StoneMazeEndChest,-11709,-11707,5861,5863
StoneMazePath,-11706,-11704,5876,5878
StoneMazePath,-11709,-11707,5876,5878
StoneMazePath,-11709,-11707,5879,5881
StoneMazePath,-11706,-11704,5900,5902
StoneMazeEndChest,-11721,-11719,5885,5887
StoneMazePath,-11709,-11707,5882,5884
StoneMazePath,-11721,-11719,5879,5881
StoneMazePath,-11706,-11704,5897,5899
StoneMazeLitRoom,-11706,-11701,5879,5884
StoneMazePath,-11721,-11719,5876,5878
StoneMazePath,-11712,-11710,5870,5872
StoneMazePath,-11700,-11698,5906,5908
StoneMazePathBig,-11703,-11695,5894,5902
StoneMazePath,-11706,-11704,5885,5887
StoneMazePath,-11721,-11719,5882,5884
StoneMazePath,-11709,-11707,5900,5902
StoneMazePath,-11706,-11704,5888,5890
StoneMazePath,-11718,-11716,5873,5875
StoneMazePath,-11700,-11698,5882,5884
StoneMazePath,-11703,-11701,5876,5878
StoneMazePath,-11685,-11683,5882,5884
StoneMazeLitRoom,-11718,-11713,5867,5872
StoneMazeLitRoom,-11700,-11695,5885,5890
StoneMazePath,-11706,-11704,5894,5896
StoneMazePath,-11715,-11713,5864,5866
StoneMazePath,-11721,-11719,5870,5872
StoneMazePath,-11691,-11689,5861,5863
StoneMazePath,-11724,-11722,5876,5878
StoneMazePath,-11694,-11692,5897,5899
StoneMazePath,-11688,-11686,5882,5884
StoneMazePath,-11709,-11707,5867,5869
StoneMazePath,-11697,-11695,5882,5884
StoneMazePath,-11718,-11716,5864,5866
StoneMazePath,-11694,-11692,5894,5896
StoneMazePath,-11697,-11695,5891,5893
StoneMazePath,-11706,-11704,5891,5893
StoneMazePath,-11709,-11707,5888,5890
StoneMazePath,-11697,-11695,5879,5881
StoneMazePath,-11694,-11692,5882,5884
StoneMazePath,-11703,-11701,5888,5890
StoneMazePath,-11703,-11701,5885,5887
StoneMazePath,-11721,-11719,5867,5869
StoneMazePath,-11709,-11707,5894,5896
StoneMazePath,-11721,-11719,5873,5875
StoneMazePath,-11712,-11710,5867,5869
StoneMazePath,-11712,-11710,5864,5866
StoneMazePath,-11709,-11707,5897,5899
StoneMazePath,-11700,-11698,5879,5881
StoneMazePath,-11715,-11713,5861,5863
StoneMazePath,-11694,-11692,5885,5887
StoneMazeEndChest,-11688,-11686,5861,5863
StoneMazePath,-11691,-11689,5882,5884
StoneMazeEndChest,-11718,-11716,5861,5863
StoneMazeEndChest,-11724,-11722,5867,5869
StoneMazePath,-11700,-11698,5891,5893
StoneMazePath,-11709,-11707,5885,5887
StoneMazePath,-11694,-11692,5900,5902
StoneMazePath,-11703,-11701,5891,5893
StoneMazePath,-11697,-11695,5903,5905
StoneMazePath,-11691,-11689,5879,5881
StoneMazePath,-11694,-11692,5888,5890
StoneMazePath,-11691,-11689,5900,5902
StoneMazePath,-11694,-11692,5903,5905
StoneMazeEndChest,-11694,-11692,5879,5881
StoneMazePath,-11691,-11689,5903,5905
StoneMazeEndChest,-11694,-11692,5891,5893
StoneMazePath,-11691,-11689,5885,5887
StoneMazePath,-11721,-11719,5864,5866
StoneMazePath,-11721,-11719,5861,5863
StoneMazePath,-11688,-11686,5885,5887
StoneMazeSpiderRoom,-11727,-11722,5861,5866
StoneMazePath,-11688,-11686,5900,5902
StoneMazePath,-11685,-11683,5900,5902
StoneMazePath,-11688,-11686,5903,5905
StoneMazeEndChest,-11688,-11686,5879,5881
StoneMazePath,-11691,-11689,5888,5890
StoneMazeEndChest,-11688,-11686,5906,5908
StoneMazePath,-11688,-11686,5897,5899
StoneMazePath,-11685,-11683,5897,5899
StoneMazeEndChest,-11685,-11683,5903,5905
StoneMazePath,-11691,-11689,5891,5893
StoneMazePath,-11688,-11686,5888,5890
StoneMazePath,-11688,-11686,5891,5893
StoneMazeEndChest,-11685,-11683,5888,5890
StoneMazePath,-11688,-11686,5894,5896
StoneMazePath,-11685,-11683,5894,5896
StoneMazePath,-11691,-11689,5894,5896
StoneMazeEndChest,-11691,-11689,5897,5899
StoneMazeBig,-11730,-11683,5861,5908
P_WitchDungeon,-11593,-11559,5860,5877
RLCraft_DecentZombie,-11288,-11288,6078,6078
RLCraft_UndergroundRuin2,-11293,-11283,6076,6083
RLCraft_DesertTown,-11486,-11420,5819,5885
P_SkyCastle,-11409,-11368,5780,5821
RLCraft_BasicCaveSpider,-11433,-11433,5681,5681
RLCraft_UndergroundRuin1,-11439,-11430,5675,5684
DinosaurSkull,-11480,-11461,5661,5672
RLCraft_SmallUndergroundSkeleton,-11739,-11731,5844,5852
