RLCraft_SmallUndergroundSkeleton,-14888,-14880,17994,18002
RLCraft_BasicWitch,-15003,-15003,17994,17994
RLCraft_UndergroundRuin1,-15009,-15000,17988,17997
RLCraft_BasicZombie,-15096,-15096,18051,18051
RLCraft_UndergroundRuin1,-15102,-15093,18045,18054
P_DesertTemple,-14960,-14910,18246,18295
ShrineSmallFire,-15197,-15187,18136,18146
RLCraft_DecentSpider,-15218,-15218,18194,18194
RLCraft_UndergroundRuin2,-15220,-15213,18189,18199
RLCraft_UndergroundFarm,-15278,-15235,18256,18298
PyramidMazeStorage,-15258,-15253,18092,18097
PyramidMazeStairTurn,-15270,-15265,18098,18103
PyramidMazeStairCorridor,-15267,-15265,18092,18097
PyramidMazePath,-15270,-15268,18104,18106
PyramidMazePath,-15267,-15265,18089,18091
PyramidMazePath,-15255,-15253,18101,18103
PyramidMazeSpiderTurn,-15258,-15253,18104,18109
PyramidMazePath,-15264,-15262,18089,18091
PyramidMazePath,-15258,-15256,18098,18100
PyramidMazePath,-15258,-15256,18101,18103
PyramidMazePath,-15261,-15259,18107,18109
PyramidMazePath,-15270,-15268,18089,18091
PyramidMazePath,-15273,-15271,18104,18106
PyramidMazePath,-15273,-15271,18107,18109
PyramidMazePath,-15261,-15259,18092,18094
PyramidMazePath,-15261,-15259,18089,18091
PyramidMazePath,-15267,-15265,18104,18106
PyramidMazePath,-15273,-15271,18101,18103
PyramidMazePath,-15261,-15259,18095,18097
PyramidMazePath,-15267,-15265,18107,18109
PyramidMazePath,-15261,-15259,18104,18106
PyramidMazePath,-15264,-15262,18107,18109
PyramidMazePath,-15270,-15268,18107,18109
PyramidMazePath,-15264,-15262,18095,18097
PyramidMazePath,-15264,-15262,18092,18094
PyramidMazePath,-15261,-15259,18098,18100
PyramidMazePath,-15273,-15271,18098,18100
PyramidMazePath,-15264,-15262,18104,18106
PyramidMazePath,-15264,-15262,18101,18103
PyramidMazePath,-15273,-15271,18089,18091
PyramidMazePath,-15273,-15271,18092,18094
PyramidMazePath,-15261,-15259,18101,18103
PyramidMazePath,-15273,-15271,18095,18097
SmallPyramid,-15279,-15243,18083,18115
RLCraft_DecentZombie,-15326,-15326,17982,17982
RLCraft_UndergroundRuin3,-15332,-15324,17979,17987
