ShrineSmallAir,-16903,-16895,19214,19222
PeacefulCrypt,-17061,-17037,19199,19215
RLCraft_DecentSpider,-17128,-17128,19166,19166
RLCraft_UndergroundRuin2,-17133,-17123,19164,19171
RLCraft_SmallUndergroundSkeleton,-17157,-17149,19101,19109
RLCraft_DecentSpider,-17144,-17144,19126,19126
RLCraft_UndergroundRuin3,-17149,-17141,19120,19128
StonePlantMound3,-17172,-17163,19062,19073
StonePlantMound4,-17180,-17173,19130,19137
StonePlantMound,-17248,-17243,19087,19092
CuboneSkull,-17276,-17218,19096,19157
StonePlantMound3,-17347,-17336,19099,19108
StonePlantMound2,-17359,-17346,19133,19145
ShrineSmallAir,-17373,-17365,19127,19135
StonePlantMound1,-17400,-17394,19153,19159
StonePlantMound1,-17390,-17384,19166,19172
RLCraft_DecentWitch,-17163,-17163,19310,19310
RLCraft_UndergroundRuin2,-17165,-17158,19305,19315
StonePlantMound3,-17212,-17203,19329,19340
DinosaurSkeleton,-17362,-17316,19364,19373
StonePlantMound1,-17109,-17103,19295,19301
RLCraft_DecentCaveSpider,-17390,-17390,19393,19393
RLCraft_UndergroundRuin2,-17395,-17385,19388,19395
