VillageSavannaStonemason,-15918,-15902,19246,19261
P_VillageInn,-15932,-15921,19246,19255
P_VillageLibrary,-15894,-15875,19211,19227
VillageSavannaStonemason,-15894,-15879,19228,19244
StonePlantMound,-15975,-15970,19277,19282
StonePlantMound1,-16006,-16000,19281,19287
StonePlantMound2,-16103,-16090,19275,19287
StonePlantMound3,-16111,-16102,19269,19280
StonePlantMound2,-16204,-16191,19386,19398
StonePlantMound2,-16186,-16174,19300,19313
StonePlantBoulder,-16227,-16217,19315,19325
StonePlantMound1,-16278,-16272,19317,19323
StoneBoulder,-16329,-16320,19446,19455
StonePlantMound2,-16354,-16341,19265,19277
RLCraft_PlainsCampRuined,-16399,-16360,19279,19324
