RLCraft_DecentCaveSpider,-16422,-16422,18053,18053
RLCraft_UndergroundRuin3,-16427,-16419,18047,18055
MeteorSite,-16446,-16416,18053,18068
FallenPalmTree,-16525,-16515,18051,18055
RLCraft_DecentZombie,-16613,-16613,18102,18102
RLCraft_UndergroundRuin3,-16618,-16610,18100,18108
FallenPalmTree,-16712,-16708,18041,18051
P_DesertTemple,-16720,-16671,18344,18394
BlazeSpawnerCrystal,-16455,-16449,18361,18367
BigClockworkSite,-16445,-16410,18338,18383
RLCraft_4Towers,-16884,-16824,18150,18202
BigClockworkSite,-16830,-16795,18346,18391
DesertWatchtower,-16879,-16869,18134,18144
