StoneBoulder,-20133,-20124,16379,16388
StonePlantBoulder,-20267,-20257,16327,16337
StoneBoulder,-20292,-20283,16321,16330
StonePlantMound4,-20107,-20100,16279,16286
StonePlantMound4,-20211,-20204,16234,16241
StoneLeafMound,-20310,-20301,16333,16340
StonePlantMound,-20201,-20196,16216,16221
RLCraft_DecentSkeleton,-20055,-20055,16176,16176
RLCraft_UndergroundRuin2,-20060,-20050,16174,16181
StonePlantMound2,-20325,-20312,16220,16232
StonePlantMound2,-20161,-20149,16079,16092
StonePlantMound1,-20076,-20070,16065,16071
StonePlantMound2,-20066,-20054,16028,16041
StoneLeafMound,-20292,-20285,16013,16022
StoneLeafMound,-20320,-20311,15934,15941
StonePlantMound3,-20363,-20354,16048,16059
