RLCraft_DecentZombie,-19783,-19783,17294,17294
RLCraft_UndergroundRuin3,-19785,-19777,17289,17297
VillageLargeLibrary,-19738,-19718,16975,16994
StoneLeafMound,-19783,-19774,16986,16993
StonePlantBoulder,-19787,-19777,17032,17042
P_Village2Story,-19758,-19745,16940,16946
StonePlantMound1,-19781,-19775,17125,17131
ThreeTowers,-19722,-19691,17062,17094
StoneLeafMound,-19798,-19791,17066,17075
VillageWoodMill,-19747,-19734,17046,17062
VillageTriplets,-19719,-19705,17046,17060
P_VillageFarmhouse,-19722,-19710,17021,17033
StoneLeafMound,-19728,-19719,17035,17042
P_VillageHouse2,-19692,-19675,17023,17040
VillageGuardTower,-19692,-19680,17008,17020
P_VillageInn,-19701,-19692,16986,16997
StoneMazeFountain,-19541,-19533,16987,16995
StoneMazePath,-19520,-19518,16993,16995
StoneMazeSpiderRoom,-19523,-19518,16987,16992
StoneMazePath,-19523,-19521,16993,16995
StoneMazeFountain,-19532,-19524,16990,16998
StoneMazePath,-19523,-19521,16996,16998
StoneMazePath,-19529,-19527,16999,17001
StoneMazeSpiderRoom,-19523,-19518,16999,17004
StoneMazePath,-19538,-19536,16996,16998
StoneMazePath,-19538,-19536,16999,17001
StoneMazePath,-19538,-19536,16984,16986
StoneMazePath,-19529,-19527,17002,17004
StoneMazePath,-19532,-19530,17002,17004
StoneMazePath,-19541,-19539,16999,17001
StoneMazePath,-19538,-19536,16981,16983
StoneMazePath,-19526,-19524,16999,17001
StoneMazePath,-19541,-19539,16981,16983
StoneMazeEndChest,-19535,-19533,17002,17004
StoneMazePath,-19529,-19527,16987,16989
StoneMazePath,-19529,-19527,16984,16986
StoneMazeEndChest,-19520,-19518,16996,16998
StoneMazePath,-19526,-19524,16984,16986
StoneMazePath,-19523,-19521,16984,16986
StoneMazePath,-19523,-19521,16981,16983
StoneMazePath,-19535,-19533,16981,16983
StoneMazePath,-19532,-19530,16981,16983
StoneMazePath,-19532,-19530,16987,16989
StoneMazePath,-19535,-19533,16984,16986
StoneMazePath,-19532,-19530,16984,16986
StoneMazeEndChest,-19526,-19524,16987,16989
StoneMazeEndChest,-19520,-19518,16981,16983
StoneMazeSmall,-19541,-19518,16981,17004
SeasonsGreenhouse,-19736,-19724,16941,16951
StonePlantMound4,-19721,-19714,16933,16940
StoneLeafMound,-19723,-19714,16930,16937
StonePlantMound4,-19739,-19732,16923,16930
