StonePlantMound1,-19699,-19693,16682,16688
StonePlantMound2,-19702,-19690,16724,16737
StoneMazeStudy,-19546,-19538,16599,16613
StoneMazePath,-19540,-19538,16590,16592
StoneMazePath,-19540,-19538,16605,16607
StoneMazePath,-19540,-19538,16593,16595
StoneMazePath,-19540,-19538,16596,16598
StoneMazePathBig,-19537,-19529,16593,16601
StoneMazePath,-19534,-19532,16590,16592
StoneMazePath,-19537,-19535,16605,16607
StoneMazePath,-19534,-19532,16602,16604
StoneMazePath,-19534,-19532,16605,16607
StoneMazePath,-19534,-19532,16608,16610
StoneMazePath,-19534,-19532,16611,16613
StoneMazePath,-19531,-19529,16602,16604
StoneMazeEndChest,-19537,-19535,16608,16610
StoneMazePath,-19531,-19529,16611,16613
StoneMazePath,-19531,-19529,16608,16610
StoneMazePath,-19531,-19529,16605,16607
StoneMazeEndChest,-19537,-19535,16611,16613
StoneMazeSmall,-19552,-19529,16590,16613
StonePlantMound3,-19724,-19715,16866,16877
StonePlantMound1,-19727,-19721,16760,16766
P_SmallShip,-19785,-19779,16773,16793
StonePlantMound1,-19852,-19846,16668,16674
StoneBoulder,-19881,-19872,16696,16705
StonePlantMound,-19911,-19906,16684,16689
StonePlantMound3,-19959,-19948,16629,16638
StonePlantMound,-19931,-19926,16569,16574
StoneLeafMound,-19967,-19960,16479,16488
RLCraft_DecentZombie,-19715,-19715,16531,16531
RLCraft_UndergroundRuin3,-19717,-19709,16526,16534
RLCraft_DecentSkeleton,-19741,-19741,16534,16534
RLCraft_UndergroundRuin3,-19743,-19735,16529,16537
