StonePlantBoulder,-17422,-17412,19320,19330
StonePlantMound,-17432,-17427,19405,19410
StoneLeafMound,-17484,-17477,19310,19319
ShrineSmallFire,-17616,-17606,19428,19438
StonePlantBoulder,-17749,-17739,19406,19416
RLCraft_UndergroundFarm,-17734,-17692,19362,19405
SmallFortRuinsJapanese,-17623,-17577,19186,19232
RLCraft_DecentSpider,-17742,-17742,19188,19188
RLCraft_UndergroundRuin2,-17744,-17737,19183,19193
StonePlantMound1,-17524,-17518,19267,19273
StonePlantMound3,-17465,-17456,19096,19107
StonePlantMound,-17435,-17430,19175,19180
StoneLeafMound,-17416,-17409,19127,19136
StoneBoulder,-17430,-17421,19115,19124
StonePlantBoulder,-17433,-17423,19093,19103
