StonePlantMound1,-20310,-20304,15792,15798
StonePlantMound4,-20101,-20094,15790,15797
ClayWaterMound1,-20062,-20052,15603,15614
RLCraft_Vineyard,-20385,-20357,15435,15455
VillageGuardTower,-20352,-20340,15439,15451
ShrineSmallAir,-20364,-20356,15477,15485
Flagship,-20384,-20341,15440,15555
P_VillageFarmhouse,-20387,-20375,15416,15428
P_VillageHouse,-20387,-20378,15397,15408
ThreeTowers,-20429,-20397,15437,15468
StonePlantMound4,-20372,-20365,15362,15369
VillageTriplets,-20439,-20425,15377,15391
VillageMarketplace,-20441,-20427,15414,15428
SeasonsGreenhouse,-20447,-20437,15437,15449
