StonePlantMound2,-16413,-16401,19438,19451
StonePlantMound,-16419,-16414,19321,19326
StonePlantMound2,-16447,-16434,19330,19342
StonePlantBoulder,-16482,-16472,19406,19416
StoneLeafMound,-16481,-16474,19345,19354
StonePlantMound1,-16515,-16509,19418,19424
ThreeTowers,-16550,-16519,19402,19434
StoneBoulder,-16543,-16534,19285,19294
RLCraft_DecentCaveSpider,-16398,-16398,19222,19222
RLCraft_UndergroundRuin3,-16401,-16393,19220,19228
ClayWaterMound1,-16429,-16418,19224,19234
StoneBoulder,-16586,-16577,19224,19233
SmallFortRuins,-16598,-16568,19260,19292
StonePlantMound4,-16581,-16574,19393,19400
StonePlantMound4,-16651,-16644,19264,19271
StonePlantMound3,-16641,-16630,19369,19378
StoneBoulder,-16698,-16689,19209,19218
AbandonedWoodTower,-16732,-16696,19300,19330
StoneBoulder,-16778,-16769,19366,19375
RLCraft_BasicSkeleton,-16780,-16780,19357,19357
RLCraft_UndergroundRuin1,-16786,-16777,19351,19360
StoneBoulder,-16848,-16839,19258,19267
RLCraft_DecentSkeleton,-16845,-16845,19386,19386
RLCraft_UndergroundRuin3,-16847,-16839,19381,19389
RLCraft_UndergroundFarm,-16881,-16839,19399,19442
StonePlantMound1,-16708,-16702,19151,19157
StonePlantMound3,-16693,-16684,19120,19131
RLCraft_BasicSpider,-16837,-16837,19042,19042
RLCraft_UndergroundRuin1,-16840,-16831,19036,19045
