StonePlantMound2,-20252,-20239,15277,15289
StonePlantMound3,-20204,-20193,15199,15208
VillageLargeLibrary,-20368,-20348,15155,15174
VillageGuardTower,-20351,-20339,15134,15146
StonePlantMound2,-20347,-20334,15153,15165
VillageTriplets,-20334,-20320,15121,15135
P_Village2Story,-20368,-20355,15134,15140
RLCraft_Vineyard,-20362,-20342,15066,15094
P_AncientTeleporter,-20327,-20294,15040,15075
StonePlantMound3,-20339,-20328,15070,15079
VillageMarketplace,-20394,-20380,15062,15076
SeasonsGreenhouse,-20362,-20350,15040,15050
P_VillageFarmhouse,-20347,-20335,15040,15052
DinosaurSkull,-20042,-20031,15063,15082
RLCraft_SmallUndergroundSkeleton,-20106,-20098,14876,14884
