ShrineSmallAir,-2138,-2130,17727,17735
UndergroundCrypt,-2222,-2194,17478,17492
MesoMazeStorage,-2314,-2309,17753,17758
MesoMazePath,-2314,-2312,17759,17761
MesoMazeGrowth,-2308,-2303,17750,17755
MesoMazeStairCorridor,-2308,-2306,17759,17764
MesoMazeStairCorridor,-2311,-2309,17759,17764
MesoMazePath,-2311,-2309,17765,17767
MesoMazePath,-2308,-2306,17765,17767
MesoMazePath,-2302,-2300,17750,17752
MesoMazeCorridorCollapse,-2305,-2300,17765,17767
MesoMazeStairCorridor,-2317,-2312,17765,17767
MesoMazePath,-2299,-2297,17765,17767
MesoMazeStairCorridor,-2299,-2294,17765,17767
MesoMazeStairCorridor,-2302,-2300,17753,17758
MesoMazePath,-2293,-2291,17765,17767
MesoMazeStairTurn,-2311,-2306,17765,17770
MesoMazeCorridorCollapse,-2308,-2306,17759,17764
MesoMazeStairTurn,-2317,-2312,17768,17773
MesoMazeSpiderTurn,-2311,-2306,17753,17758
MesoMazeSpiderTurn,-2308,-2303,17765,17770
MesoMazeSpiderTurn,-2302,-2297,17765,17770
MesoMazeStairCorridor,-2305,-2300,17753,17755
MesoMazePath,-2311,-2309,17759,17761
MesoMazeStairCorridor,-2308,-2306,17753,17758
MesoMazeStairCorridor,-2305,-2300,17756,17758
MesoMazeStairCorridor,-2299,-2294,17753,17755
MesoMazePath,-2311,-2309,17762,17764
MesoMazeStairTurn,-2299,-2294,17756,17761
MesoMazePath,-2296,-2294,17762,17764
MesoMazePath,-2302,-2300,17771,17773
MesoMazePath,-2305,-2303,17762,17764
MesoMazeSpiderTurn,-2323,-2318,17771,17776
MesoMazeStairCorridor,-2302,-2297,17762,17764
MesoMazePath,-2305,-2303,17759,17761
MesoMazeStorage,-2305,-2300,17759,17764
MesoMazeStairCorridor,-2305,-2303,17753,17758
MesoMazeCorridorCollapse,-2320,-2318,17765,17770
MesoMazeStorage,-2293,-2288,17753,17758
MesoMazePath,-2314,-2312,17765,17767
MesoMazeStorage,-2323,-2318,17759,17764
MesoMazeSpiderTurn,-2302,-2297,17750,17755
MesoMazePath,-2293,-2291,17759,17761
MesoMazePath,-2299,-2297,17759,17761
MesoMazeSpiderTurn,-2311,-2306,17747,17752
MesoMazePath,-2302,-2300,17774,17776
MesoMazePath,-2299,-2297,17756,17758
MesoMazePath,-2296,-2294,17756,17758
MesoMazeGrowth,-2323,-2318,17759,17764
MesoMazePath,-2293,-2291,17762,17764
MesoMazePath,-2317,-2315,17759,17761
MesoMazeZombieTable,-2308,-2303,17759,17764
MesoMazeStairCorridor,-2323,-2321,17753,17758
MesoMazeSpiderTurn,-2299,-2294,17759,17764
MesoMazePath,-2302,-2300,17759,17761
MesoMazePath,-2290,-2288,17759,17761
MesoMazePath,-2317,-2315,17762,17764
MesoMazePath,-2323,-2321,17765,17767
MesoMazePath,-2320,-2318,17771,17773
MesoMazePath,-2320,-2318,17765,17767
MesoMazePath,-2305,-2303,17750,17752
MesoMazeStairCorridor,-2308,-2303,17771,17773
MesoMazePath,-2296,-2294,17750,17752
MesoMazePath,-2311,-2309,17771,17773
MesoMazePath,-2296,-2294,17753,17755
MesoMazePath,-2305,-2303,17747,17749
MesoMazeSpiderTurn,-2326,-2321,17747,17752
MesoMazeSpiderTurn,-2320,-2315,17747,17752
MesoMazePath,-2302,-2300,17756,17758
MesoMazeStairCorridor,-2302,-2297,17747,17749
MesoMazePath,-2314,-2312,17759,17761
MesoMazePath,-2299,-2297,17762,17764
MesoMazePath,-2320,-2318,17768,17770
MesoMazePath,-2311,-2309,17753,17755
MesoMazePath,-2317,-2315,17765,17767
MesoMazeStairCorridor,-2314,-2312,17753,17758
MesoMazePath,-2323,-2321,17768,17770
MesoMazePath,-2299,-2297,17756,17758
MesoMazeStorage,-2293,-2288,17762,17767
MesoMazePath,-2317,-2315,17768,17770
MesoMazePath,-2296,-2294,17765,17767
MesoMazeStairCorridor,-2314,-2312,17747,17752
MesoMazePath,-2326,-2324,17768,17770
MesoMazePath,-2302,-2300,17759,17761
MesoMazePath,-2314,-2312,17762,17764
MesoMazeStairTurn,-2314,-2309,17741,17746
MesoMazePath,-2305,-2303,17744,17746
MesoMazePath,-2317,-2315,17753,17755
MesoMazePath,-2314,-2312,17768,17770
MesoMazePath,-2326,-2324,17765,17767
MesoMazePath,-2317,-2315,17756,17758
MesoMazePath,-2323,-2321,17771,17773
MesoMazePath,-2326,-2324,17753,17755
MesoMazePath,-2323,-2321,17768,17770
MesoMazeGrowth,-2308,-2303,17741,17746
MesoMazeStairTurn,-2302,-2297,17741,17746
MesoMazePath,-2326,-2324,17756,17758
MesoMazePath,-2320,-2318,17756,17758
MesoMazePath,-2320,-2318,17753,17755
MesoMazeStairCorridor,-2296,-2291,17741,17743
MesoMazePath,-2299,-2297,17771,17773
MesoMazePath,-2299,-2297,17738,17740
MesoMazeStairCorridor,-2296,-2291,17747,17749
MesoMazePath,-2290,-2288,17747,17749
MesoMazePath,-2311,-2309,17756,17758
MesoMazePath,-2299,-2297,17774,17776
MesoMazePath,-2290,-2288,17750,17752
MesoMazeStorage,-2314,-2309,17759,17764
MesoMazeGrowth,-2320,-2315,17744,17749
MesoMazePath,-2326,-2324,17759,17761
MesoMazeGrowth,-2296,-2291,17771,17776
MesoMazeStairCorridor,-2296,-2291,17750,17752
MesoMazeSpiderTurn,-2320,-2315,17759,17764
MesoMazePath,-2317,-2315,17774,17776
MesoMazeStairCorridor,-2302,-2297,17750,17752
MesoMazePath,-2326,-2324,17762,17764
MesoMazePath,-2290,-2288,17741,17743
MesoMazeStairCorridor,-2320,-2318,17753,17758
MesoMazePath,-2302,-2300,17738,17740
MesoMazePath,-2290,-2288,17744,17746
MesoMazePath,-2290,-2288,17771,17773
MesoMazePath,-2290,-2288,17738,17740
MesoMazePath,-2305,-2303,17750,17752
MesoMazePath,-2323,-2321,17747,17749
MesoMazePath,-2293,-2291,17738,17740
MesoMazePath,-2323,-2321,17744,17746
MesoMazePath,-2314,-2312,17774,17776
MesoMazePath,-2320,-2318,17750,17752
MesoMazeCorridorCollapse,-2314,-2312,17753,17758
MesoMazePath,-2305,-2303,17738,17740
MesoMazeStorage,-2314,-2309,17747,17752
MesoMazePath,-2308,-2306,17738,17740
MesoMazeGrowth,-2317,-2312,17747,17752
MesoMazeZombieTable,-2311,-2306,17747,17752
MesoMazeStairCorridor,-2317,-2315,17753,17758
MesoMazePath,-2323,-2321,17741,17743
MesoMazePath,-2311,-2309,17774,17776
MesoMazePath,-2317,-2315,17750,17752
MesoMazePath,-2323,-2321,17750,17752
MesoMazePath,-2308,-2306,17774,17776
MesoMazePath,-2305,-2303,17747,17749
MesoMazePath,-2311,-2309,17738,17740
MesoMazePath,-2317,-2315,17747,17749
MesoMazePath,-2317,-2315,17744,17746
MesoMazePath,-2305,-2303,17774,17776
MesoMazePath,-2314,-2312,17759,17761
MesoMazePath,-2302,-2300,17747,17749
MesoMazePath,-2299,-2297,17747,17749
MesoMazePath,-2311,-2309,17753,17755
MesoMazePath,-2314,-2312,17738,17740
MesoMazePath,-2317,-2315,17738,17740
MesoMazePath,-2314,-2312,17744,17746
MesoMazePath,-2317,-2315,17759,17761
MesoMazePath,-2317,-2315,17762,17764
MesoMazePath,-2311,-2309,17744,17746
TemplePyramid,-2338,-2276,17726,17788
RLCraft_AgentStarbuck_WaterBase,-2363,-2346,17684,17696
P_CultIsland,-2369,-2199,17576,17786
ShrineSmallWater,-2306,-2298,17480,17488
Flagship,-2468,-2353,17426,17469
ShrineSmallAir,-2433,-2425,17524,17532
UndergroundCrypt,-2442,-2428,17477,17505
ShrineSmallAir,-2466,-2458,17599,17607
RLCraft_DecentWitch,-2545,-2545,17654,17654
RLCraft_UndergroundRuin3,-2548,-2540,17652,17660
