MesoMazeStairCorridor,-3602,-3600,16280,16285
MesoMazeCorridorCollapse,-3611,-3606,16283,16285
MesoMazePath,-3602,-3600,16286,16288
MesoMazePath,-3605,-3603,16286,16288
MesoMazePath,-3605,-3603,16283,16285
MesoMazePath,-3605,-3603,16280,16282
MesoMazePath,-3614,-3612,16283,16285
MesoMazePath,-3614,-3612,16280,16282
MesoMazePath,-3608,-3606,16286,16288
MesoMazePath,-3611,-3609,16280,16282
MesoMazePath,-3617,-3615,16280,16282
MesoMazeSpiderTurn,-3617,-3612,16286,16291
MesoMazePath,-3617,-3615,16283,16285
MesoMazePath,-3605,-3603,16283,16285
MesoMazePath,-3608,-3606,16280,16282
MesoMazePath,-3620,-3618,16283,16285
MesoMazePath,-3620,-3618,16289,16291
MesoMazePath,-3605,-3603,16286,16288
MesoMazePath,-3620,-3618,16286,16288
MesoMazePath,-3602,-3600,16286,16288
MesoMazePath,-3620,-3618,16280,16282
MesoMazePath,-3611,-3609,16286,16288
MesoMazePath,-3602,-3600,16289,16291
MesoMazeStairCorridor,-3608,-3603,16289,16291
MesoMazePath,-3611,-3609,16289,16291
MesoMazeStairCorridor,-3602,-3600,16261,16266
MesoMazePath,-3602,-3600,16258,16260
MesoMazeStairTurn,-3611,-3606,16258,16263
MesoMazePath,-3605,-3603,16258,16260
MesoMazePath,-3605,-3603,16264,16266
MesoMazePath,-3605,-3603,16261,16263
MesoMazePath,-3605,-3603,16255,16257
MesoMazePath,-3611,-3609,16264,16266
MesoMazePath,-3608,-3606,16255,16257
MesoMazePath,-3611,-3609,16255,16257
MesoMazePath,-3614,-3612,16264,16266
MesoMazeSpiderTurn,-3620,-3615,16261,16266
MesoMazePath,-3620,-3618,16258,16260
MesoMazePath,-3617,-3615,16258,16260
MesoMazePath,-3614,-3612,16261,16263
MesoMazePath,-3614,-3612,16258,16260
MesoMazePath,-3614,-3612,16255,16257
MesoMazePath,-3620,-3618,16255,16257
MesoMazePath,-3617,-3615,16255,16257
SnakeTemple,-3625,-3595,16250,16296
RLCraft_SmallUndergroundSkeleton,-3742,-3734,16263,16271
RLCraft_DecentSkeleton,-3754,-3754,16132,16132
RLCraft_UndergroundRuin2,-3759,-3749,16127,16134
ShrineSmallFire,-3900,-3890,16300,16310
RLCraft_SmallUndergroundSkeleton,-3906,-3898,16327,16335
UndergroundCrypt,-4052,-4024,16205,16219
DinosaurSkull,-4047,-4028,16349,16360
P_WitchDungeon,-3988,-3954,16093,16110
ShrineSmallFire,-4005,-3995,16029,16039
