StatueTemple,-406,-335,15581,15683
MeteorSite,-333,-303,15608,15623
ShrineSmallFire,-236,-226,15553,15563
StoneMazePathBig,298,306,15784,15792
StoneMazePath,283,285,15784,15786
StoneMazePath,301,303,15781,15783
StoneMazePath,301,303,15793,15795
StoneMazePath,301,303,15778,15780
StoneMazeShootingRange,292,297,15781,15789
StoneMazeEndChest,304,306,15793,15795
StoneMazeEndChest,298,300,15781,15783
StoneMazePath,283,285,15781,15783
StoneMazeSpiderRoom,295,300,15793,15798
StoneMazePath,289,291,15787,15789
StoneMazePath,286,288,15781,15783
StoneMazePath,286,288,15778,15780
StoneMazePath,289,291,15778,15780
StoneMazePath,286,288,15775,15777
StoneMazePath,289,291,15784,15786
StoneMazePath,292,294,15778,15780
StoneMazeEndChest,283,285,15778,15780
StoneMazePath,289,291,15781,15783
StoneMazePath,289,291,15790,15792
StoneMazePath,292,294,15790,15792
StoneMazePath,292,294,15775,15777
StoneMazePath,283,285,15775,15777
StoneMazePath,286,288,15787,15789
StoneMazePath,289,291,15775,15777
StoneMazePath,295,297,15778,15780
StoneMazeEndChest,283,285,15787,15789
StoneMazePath,301,303,15796,15798
StoneMazePath,295,297,15775,15777
StoneMazeEndChest,286,288,15790,15792
StoneMazePath,286,288,15784,15786
StoneMazePath,304,306,15796,15798
StoneMazeSmall,283,306,15775,15798
ShrineSmallWater,432,440,15855,15863
