RLCraft_SmallUndergroundSkeleton,1523,1531,5123,5131
StonePlantMound4,1495,1502,5135,5142
StonePlantMound3,1459,1468,5185,5196
StonePlantMound,1455,1460,5201,5206
RLCraft_DecentCaveSpider,1520,1520,5280,5280
RLCraft_UndergroundRuin2,1515,1525,5278,5285
StonePlantMound1,1375,1381,5230,5236
StonePlantMound2,1365,1378,5259,5271
RLCraft_UndergroundFarm,1358,1401,5300,5342
StonePlantMound4,1339,1346,5170,5177
SmallWoodenCottage2,1333,1341,5207,5215
SmallAbandonedMine,1313,1328,5166,5191
ShrineSmallFire,1324,1334,5261,5271
StonePlantMound3,1313,1322,5123,5134
StoneBoulder,1277,1286,5234,5243
StonePlantMound2,1231,1243,5169,5182
RLCraft_LargeUndergroundTown,1143,1280,5096,5209
StonePlantMound2,1369,1381,5375,5388
SmallWoodenCottage2,1195,1203,5388,5396
StonePlantMound4,1227,1234,5390,5397
StoneBoulder,1388,1397,5396,5405
StoneLeafMound,1264,1273,5421,5428
StonePlantMound,1304,1309,5475,5480
RLCraft_DecentCaveSpider,1133,1133,5382,5382
RLCraft_UndergroundRuin2,1131,1138,5377,5387
StonePlantMound2,1115,1128,5147,5159
StonePlantMound,1100,1105,5352,5357
RLCraft_SmallUndergroundSkeleton,1336,1344,5476,5484
SmallWoodenCottage1,1352,1363,5488,5494
StoneMazeShootingRange,1173,1181,5469,5474
StoneMazePathBig,1167,1175,5511,5519
StoneMazeShootingRange,1221,1226,5505,5513
StoneMazeFountain,1188,1196,5520,5528
StoneMazePath,1170,1172,5508,5510
StoneMazePath,1176,1178,5514,5516
StoneMazePathBig,1179,1187,5511,5519
StoneMazePathBig,1167,1175,5499,5507
StoneMazeStudy,1212,1226,5478,5486
StoneMazeFountain,1176,1184,5475,5483
StoneMazePath,1218,1220,5478,5480
StoneMazeEndChest,1185,1187,5478,5480
StoneMazePath,1176,1178,5517,5519
StoneMazePath,1182,1184,5520,5522
StoneMazePathBig,1167,1175,5490,5498
StoneMazePathBig,1188,1196,5511,5519
StoneMazeStudy,1179,1187,5496,5510
StoneMazePath,1170,1172,5487,5489
StoneMazeStudy,1206,1214,5514,5528
StoneMazePath,1173,1175,5508,5510
StoneMazeEndChest,1176,1178,5511,5513
StoneMazePath,1218,1220,5475,5477
StoneMazePath,1173,1175,5478,5480
StoneMazePath,1212,1214,5469,5471
StoneMazePath,1170,1172,5520,5522
StoneMazeEndChest,1215,1217,5469,5471
StoneMazePath,1173,1175,5481,5483
StoneMazePath,1176,1178,5502,5504
StoneMazePath,1173,1175,5475,5477
StoneMazePath,1170,1172,5478,5480
StoneMazePath,1212,1214,5472,5474
StoneMazePath,1170,1172,5481,5483
StoneMazePath,1212,1214,5520,5522
StoneMazePath,1215,1217,5520,5522
StoneMazePath,1173,1175,5484,5486
StoneMazePath,1170,1172,5484,5486
StoneMazeEndChest,1167,1169,5508,5510
StoneMazePath,1215,1217,5523,5525
StoneMazePath,1176,1178,5484,5486
StoneMazePath,1221,1223,5475,5477
StoneMazeSpiderRoom,1182,1187,5523,5528
StoneMazePath,1209,1211,5469,5471
StoneMazePath,1209,1211,5472,5474
StoneMazeEndChest,1215,1217,5475,5477
StoneMazePath,1206,1208,5472,5474
StoneMazePath,1173,1175,5520,5522
StoneMazeEndChest,1173,1175,5487,5489
StoneMazeEndChest,1215,1217,5526,5528
StoneMazeStudy,1191,1205,5469,5477
StoneMazePath,1179,1181,5484,5486
StoneMazeStudy,1206,1220,5502,5510
StoneMazePath,1218,1220,5472,5474
StoneMazePath,1212,1214,5502,5504
StoneMazeEndChest,1185,1187,5502,5504
StoneMazePath,1215,1217,5472,5474
StoneMazeEndChest,1197,1199,5469,5471
StoneMazePath,1206,1208,5475,5477
StoneMazePath,1215,1217,5517,5519
StoneMazePathBig,1209,1217,5493,5501
StoneMazePath,1206,1208,5469,5471
StoneMazePath,1173,1175,5523,5525
StoneMazePath,1218,1220,5517,5519
StoneMazePath,1176,1178,5493,5495
StoneMazePath,1176,1178,5508,5510
StoneMazePath,1218,1220,5520,5522
StoneMazePath,1221,1223,5517,5519
StoneMazePath,1221,1223,5520,5522
StoneMazePath,1221,1223,5472,5474
StoneMazePath,1218,1220,5514,5516
StoneMazePath,1224,1226,5520,5522
StoneMazeSpiderRoom,1167,1172,5523,5528
StoneMazePath,1224,1226,5517,5519
StoneMazePath,1176,1178,5505,5507
StoneMazePath,1209,1211,5475,5477
StoneMazePath,1221,1223,5514,5516
StoneMazePath,1209,1211,5478,5480
StoneMazePath,1179,1181,5487,5489
StoneMazePath,1215,1217,5514,5516
StoneMazePathBig,1200,1208,5493,5501
StoneMazePath,1215,1217,5511,5513
StoneMazeEndChest,1218,1220,5511,5513
StoneMazePath,1179,1181,5490,5492
StoneMazeEndChest,1224,1226,5523,5525
StoneMazePath,1209,1211,5481,5483
StoneMazePath,1221,1223,5469,5471
StoneMazePath,1182,1184,5490,5492
StoneMazeSpiderRoom,1185,1190,5487,5492
StoneMazePath,1197,1199,5496,5498
StoneMazePath,1182,1184,5493,5495
StoneMazePath,1224,1226,5514,5516
StoneMazePath,1182,1184,5487,5489
StoneMazePath,1212,1214,5511,5513
StoneMazeEndChest,1179,1181,5493,5495
StoneMazePath,1209,1211,5484,5486
StoneMazePath,1203,1205,5502,5504
StoneMazeSpiderRoom,1197,1202,5502,5507
StoneMazePathBig,1200,1208,5481,5489
StoneMazePathBig,1188,1196,5493,5501
StoneMazePath,1218,1220,5469,5471
StoneMazeEndChest,1224,1226,5469,5471
StoneMazePath,1191,1193,5502,5504
StoneMazePath,1182,1184,5484,5486
StoneMazePath,1197,1199,5484,5486
StoneMazePath,1191,1193,5505,5507
StoneMazeEndChest,1197,1199,5481,5483
StoneMazePath,1185,1187,5484,5486
StoneMazePath,1209,1211,5511,5513
StoneMazePath,1185,1187,5493,5495
StoneMazePath,1206,1208,5511,5513
StoneMazePath,1185,1187,5481,5483
StoneMazePath,1194,1196,5502,5504
StoneMazePath,1203,1205,5511,5513
StoneMazePath,1176,1178,5520,5522
StoneMazePath,1200,1202,5511,5513
StoneMazePath,1179,1181,5520,5522
StoneMazePath,1179,1181,5523,5525
StoneMazePath,1197,1199,5511,5513
StoneMazePath,1188,1190,5484,5486
StoneMazePath,1197,1199,5487,5489
StoneMazePath,1197,1199,5490,5492
StoneMazePath,1203,1205,5490,5492
StoneMazePath,1188,1190,5481,5483
StoneMazePath,1194,1196,5484,5486
StoneMazePath,1203,1205,5505,5507
StoneMazeEndChest,1173,1175,5526,5528
StoneMazePath,1188,1190,5478,5480
StoneMazePath,1200,1202,5508,5510
StoneMazePath,1194,1196,5505,5507
StoneMazePath,1191,1193,5478,5480
StoneMazePath,1203,1205,5508,5510
StoneMazePath,1206,1208,5490,5492
StoneMazePath,1194,1196,5508,5510
StoneMazePath,1200,1202,5514,5516
StoneMazePath,1200,1202,5490,5492
StoneMazePath,1197,1199,5514,5516
StoneMazeEndChest,1191,1193,5508,5510
StoneMazePath,1191,1193,5484,5486
StoneMazePath,1188,1190,5502,5504
StoneMazePath,1212,1214,5490,5492
StoneMazeEndChest,1212,1214,5487,5489
StoneMazePath,1176,1178,5523,5525
StoneMazePath,1188,1190,5475,5477
StoneMazePath,1209,1211,5490,5492
StoneMazePath,1191,1193,5481,5483
StoneMazeEndChest,1197,1199,5517,5519
StoneMazePath,1209,1211,5487,5489
StoneMazePath,1194,1196,5481,5483
StoneMazePath,1176,1178,5526,5528
StoneMazePath,1215,1217,5490,5492
StoneMazePath,1194,1196,5478,5480
StoneMazeSpiderRoom,1218,1223,5487,5492
StoneMazeEndChest,1179,1181,5526,5528
StoneMazeHuge,1167,1226,5469,5528
SmallWoodenCottage1,1200,1211,5505,5511
StonePlantMound4,1264,1271,5497,5504
StoneLeafMound,1365,1372,5521,5530
StoneMazePathBig,1324,1332,5536,5544
StoneMazePath,1315,1317,5542,5544
StoneMazePath,1312,1314,5542,5544
StoneMazePath,1327,1329,5545,5547
StoneMazeShootingRange,1321,1326,5545,5553
StoneMazePath,1312,1314,5545,5547
StoneMazePath,1315,1317,5539,5541
StoneMazePathBig,1324,1332,5527,5535
StoneMazeFountain,1333,1341,5536,5544
StoneMazeFountain,1333,1341,5527,5535
StoneMazePath,1315,1317,5545,5547
StoneMazePath,1312,1314,5539,5541
StoneMazePath,1309,1311,5539,5541
StoneMazePath,1321,1323,5530,5532
StoneMazeStudy,1312,1320,5524,5538
StoneMazePath,1327,1329,5548,5550
StoneMazePath,1309,1311,5542,5544
StoneMazeFountain,1300,1308,5539,5547
StoneMazePath,1318,1320,5530,5532
StoneMazeEndChest,1342,1344,5530,5532
StoneMazeEndChest,1318,1320,5545,5547
StoneMazePath,1309,1311,5545,5547
StoneMazePath,1342,1344,5539,5541
StoneMazePath,1312,1314,5548,5550
StoneMazePath,1330,1332,5548,5550
StoneMazePath,1309,1311,5548,5550
StoneMazePath,1315,1317,5548,5550
StoneMazePath,1315,1317,5551,5553
StoneMazePath,1342,1344,5536,5538
StoneMazeEndChest,1306,1308,5548,5550
StoneMazePath,1303,1305,5548,5550
StoneMazePath,1318,1320,5548,5550
StoneMazePathBig,1300,1308,5530,5538
StoneMazePath,1309,1311,5536,5538
StoneMazePath,1330,1332,5545,5547
StoneMazePathBig,1333,1341,5545,5553
StoneMazePath,1318,1320,5551,5553
StoneMazeEndChest,1318,1320,5554,5556
StoneMazePath,1300,1302,5548,5550
StoneMazePath,1342,1344,5548,5550
StoneMazePath,1303,1305,5551,5553
StoneMazePath,1312,1314,5551,5553
StoneMazePath,1297,1299,5533,5535
StoneMazePathBig,1300,1308,5554,5562
StoneMazeShootingRange,1309,1314,5557,5565
StoneMazeEndChest,1297,1299,5548,5550
StoneMazePath,1300,1302,5551,5553
StoneMazePath,1297,1299,5557,5559
StoneMazePath,1297,1299,5551,5553
StoneMazePath,1303,1305,5563,5565
StoneMazePath,1297,1299,5560,5562
StoneMazeEndChest,1297,1299,5563,5565
StoneMazeEndChest,1306,1308,5563,5565
StoneMazeEndChest,1306,1308,5551,5553
StoneMazePath,1342,1344,5533,5535
StoneMazePath,1315,1317,5557,5559
StoneMazeEndChest,1297,1299,5554,5556
StoneMazePath,1318,1320,5557,5559
StoneMazePath,1321,1323,5557,5559
StoneMazePath,1321,1323,5554,5556
StoneMazePath,1318,1320,5560,5562
StoneMazePath,1321,1323,5560,5562
StoneMazePath,1321,1323,5563,5565
StoneMazePath,1324,1326,5557,5559
StoneMazeEndChest,1324,1326,5560,5562
StoneMazePathBig,1327,1335,5554,5562
StoneMazePath,1330,1332,5551,5553
StoneMazePath,1336,1338,5557,5559
StoneMazePath,1339,1341,5557,5559
StoneMazePath,1336,1338,5560,5562
StoneMazePath,1342,1344,5557,5559
StoneMazeEndChest,1336,1338,5554,5556
StoneMazePath,1336,1338,5563,5565
StoneMazePath,1333,1335,5563,5565
StoneMazePath,1327,1329,5551,5553
StoneMazeSpiderRoom,1339,1344,5560,5565
StoneMazePath,1330,1332,5563,5565
StoneMazePath,1327,1329,5563,5565
StoneMazePath,1324,1326,5563,5565
StoneMazePagoda,1297,1344,5518,5565
SmallAbandonedMine,1396,1421,5534,5549
StonePlantMound3,1160,1171,5540,5549
StoneLeafMound,1345,1352,5590,5599
StonePlantMound2,1497,1509,5564,5577
StonePlantMound,1378,1383,5605,5610
