RLCraft_BasicSkeleton,1057,1057,2524,2524
RLCraft_UndergroundRuin1,1054,1063,2521,2530
SmallWoodenCottage1,1485,1496,2312,2318
StoneMazePath,1434,1436,2374,2376
StoneMazePath,1413,1415,2371,2373
StoneMazePath,1413,1415,2368,2370
StoneMazePathBig,1425,1433,2371,2379
StoneMazePathBig,1416,1424,2371,2379
StoneMazePath,1416,1418,2368,2370
StoneMazePath,1419,1421,2368,2370
StoneMazePath,1416,1418,2365,2367
StoneMazePath,1413,1415,2365,2367
StoneMazePath,1419,1421,2365,2367
StoneMazePath,1419,1421,2380,2382
StoneMazePath,1422,1424,2380,2382
StoneMazeEndChest,1416,1418,2380,2382
StoneMazePath,1422,1424,2383,2385
StoneMazePath,1419,1421,2383,2385
StoneMazePath,1425,1427,2380,2382
StoneMazePath,1428,1430,2380,2382
StoneMazePath,1422,1424,2365,2367
StoneMazePath,1416,1418,2383,2385
StoneMazeEndChest,1422,1424,2368,2370
StoneMazePath,1425,1427,2383,2385
StoneMazePath,1425,1427,2365,2367
StoneMazePath,1419,1421,2362,2364
StoneMazePath,1425,1427,2362,2364
StoneMazePath,1422,1424,2362,2364
StoneMazePath,1428,1430,2365,2367
StoneMazePath,1416,1418,2362,2364
StoneMazePath,1413,1415,2362,2364
StoneMazeSpiderRoom,1431,1436,2362,2367
StoneMazePath,1425,1427,2368,2370
StoneMazePath,1428,1430,2362,2364
StoneMazePath,1428,1430,2368,2370
StoneMazePath,1431,1433,2368,2370
StoneMazeEndChest,1434,1436,2368,2370
StoneMazeSmall,1413,1436,2362,2385
P_VillageFarmhouse,1387,1399,2106,2118
DinosaurSkull,1310,1329,2430,2441
MesoMazeSpiderTurn,1512,1517,2443,2448
MesoMazeStorage,1506,1511,2443,2448
MesoMazeCorridorCollapse,1506,1508,2437,2442
MesoMazeStairCorridor,1506,1508,2443,2448
MesoMazePath,1506,1508,2434,2436
MesoMazeSpiderTurn,1515,1520,2437,2442
MesoMazePath,1512,1514,2437,2439
MesoMazeStairTurn,1506,1511,2449,2454
MesoMazeSpiderTurn,1503,1508,2431,2436
MesoMazeStairCorridor,1509,1514,2434,2436
MesoMazeStairCorridor,1515,1520,2434,2436
MesoMazeStairTurn,1500,1505,2449,2454
MesoMazePath,1521,1523,2434,2436
MesoMazeStairCorridor,1503,1505,2437,2442
MesoMazeSpiderTurn,1494,1499,2452,2457
MesoMazePath,1521,1523,2431,2433
MesoMazeStairCorridor,1509,1514,2431,2433
MesoMazePath,1509,1511,2440,2442
MesoMazePath,1494,1496,2449,2451
MesoMazeZombieTable,1515,1520,2428,2433
MesoMazeStairCorridor,1503,1505,2443,2448
MesoMazePath,1500,1502,2455,2457
MesoMazeStairCorridor,1509,1514,2428,2430
MesoMazePath,1503,1505,2449,2451
MesoMazePath,1509,1511,2455,2457
MesoMazeStairTurn,1512,1517,2452,2457
MesoMazePath,1506,1508,2449,2451
MesoMazePath,1518,1520,2452,2454
MesoMazeCorridorCollapse,1497,1499,2446,2451
MesoMazePath,1506,1508,2428,2430
MesoMazePath,1500,1502,2458,2460
MesoMazeCorridorCollapse,1500,1505,2428,2430
MesoMazeGrowth,1503,1508,2455,2460
MesoMazeZombieTable,1497,1502,2440,2445
MesoMazePath,1518,1520,2431,2433
MesoMazePath,1509,1511,2449,2451
MesoMazePath,1509,1511,2455,2457
MesoMazePath,1506,1508,2425,2427
MesoMazePath,1506,1508,2431,2433
MesoMazePath,1515,1517,2431,2433
MesoMazePath,1497,1499,2443,2445
MesoMazeCorridorCollapse,1509,1514,2431,2433
MesoMazeStorage,1500,1505,2440,2445
MesoMazeCorridorCollapse,1515,1520,2431,2433
MesoMazePath,1506,1508,2428,2430
MesoMazeCorridorCollapse,1521,1526,2431,2433
MesoMazeZombieTable,1497,1502,2434,2439
MesoMazePath,1506,1508,2431,2433
MesoMazeStorage,1494,1499,2425,2430
MesoMazePath,1497,1499,2431,2433
MesoMazeStairCorridor,1503,1505,2434,2439
MesoMazePath,1494,1496,2443,2445
MesoMazePath,1506,1508,2434,2436
MesoMazeZombieTable,1506,1511,2422,2427
MesoMazePath,1527,1529,2431,2433
MesoMazePath,1494,1496,2440,2442
MesoMazeGrowth,1509,1514,2443,2448
MesoMazePath,1497,1499,2440,2442
MesoMazePath,1512,1514,2458,2460
MesoMazePath,1494,1496,2437,2439
MesoMazePath,1497,1499,2452,2454
MesoMazePath,1497,1499,2428,2430
MesoMazePath,1503,1505,2431,2433
MesoMazePath,1500,1502,2425,2427
MesoMazeStairCorridor,1518,1520,2443,2448
MesoMazeCorridorCollapse,1527,1529,2434,2439
MesoMazePath,1509,1511,2428,2430
MesoMazePath,1497,1499,2431,2433
MesoMazePath,1503,1505,2431,2433
MesoMazeStairTurn,1524,1529,2425,2430
MesoMazePath,1500,1502,2431,2433
MesoMazePath,1494,1496,2431,2433
MesoMazePath,1500,1502,2446,2448
MesoMazePath,1509,1511,2458,2460
MesoMazePath,1527,1529,2440,2442
MesoMazePath,1497,1499,2425,2427
MesoMazeSpiderTurn,1527,1532,2440,2445
MesoMazePath,1530,1532,2437,2439
MesoMazePath,1497,1499,2455,2457
MesoMazePath,1503,1505,2446,2448
MesoMazePath,1503,1505,2446,2448
MesoMazePath,1500,1502,2422,2424
MesoMazePath,1518,1520,2449,2451
MesoMazePath,1500,1502,2455,2457
MesoMazePath,1503,1505,2422,2424
MesoMazePath,1527,1529,2431,2433
MesoMazeStorage,1521,1526,2440,2445
MesoMazePath,1500,1502,2431,2433
MesoMazePath,1497,1499,2422,2424
MesoMazeStairTurn,1524,1529,2446,2451
MesoMazePath,1494,1496,2434,2436
MesoMazePath,1494,1496,2446,2448
MesoMazePath,1530,1532,2434,2436
MesoMazeStairCorridor,1527,1529,2452,2457
MesoMazePath,1530,1532,2431,2433
MesoMazeZombieTable,1518,1523,2455,2460
MesoMazePath,1500,1502,2446,2448
MesoMazeGrowth,1521,1526,2440,2445
MesoMazePath,1527,1529,2458,2460
MesoMazeStairCorridor,1500,1502,2434,2439
MesoMazeGrowth,1503,1508,2440,2445
MesoMazePath,1515,1517,2449,2451
MesoMazeStorage,1512,1517,2437,2442
MesoMazePath,1530,1532,2428,2430
MesoMazePath,1509,1511,2437,2439
MesoMazeSpiderTurn,1506,1511,2434,2439
MesoMazeStairCorridor,1521,1523,2449,2454
MesoMazePath,1494,1496,2422,2424
MesoMazePath,1524,1526,2422,2424
MesoMazePath,1530,1532,2449,2451
MesoMazePath,1530,1532,2452,2454
MesoMazeSpiderTurn,1512,1517,2434,2439
MesoMazeCorridorCollapse,1509,1511,2440,2445
MesoMazeStairCorridor,1515,1517,2443,2448
MesoMazePath,1500,1502,2440,2442
MesoMazePath,1509,1511,2437,2439
MesoMazePath,1512,1514,2428,2430
MesoMazePath,1500,1502,2443,2445
MesoMazePath,1527,1529,2422,2424
MesoMazeSpiderTurn,1515,1520,2443,2448
MesoMazePath,1512,1514,2437,2439
MesoMazePath,1512,1514,2434,2436
MesoMazePath,1515,1517,2440,2442
MesoMazePath,1512,1514,2440,2442
MesoMazePath,1509,1511,2446,2448
MesoMazePath,1503,1505,2455,2457
MesoMazePath,1512,1514,2449,2451
MesoMazePath,1512,1514,2446,2448
MesoMazePath,1500,1502,2446,2448
MesoMazePath,1512,1514,2440,2442
MesoMazePath,1509,1511,2434,2436
MesoMazePath,1512,1514,2443,2445
MesoMazePath,1509,1511,2446,2448
MesoMazePath,1509,1511,2440,2442
MesoMazePath,1518,1520,2440,2442
MesoMazePath,1506,1508,2434,2436
MesoMazeStairTurn,1518,1523,2434,2439
MesoMazePath,1515,1517,2434,2436
MesoMazePath,1506,1508,2437,2439
MesoMazePath,1521,1523,2422,2424
MesoMazePath,1521,1523,2446,2448
MesoMazePath,1530,1532,2425,2427
MesoMazePath,1500,1502,2449,2451
MesoMazePath,1530,1532,2422,2424
MesoMazePath,1521,1523,2446,2448
MesoMazePath,1515,1517,2437,2439
MesoMazePath,1512,1514,2446,2448
MesoMazePath,1518,1520,2449,2451
MesoMazePath,1515,1517,2449,2451
MesoMazePath,1521,1523,2425,2427
MesoMazeGrowth,1515,1520,2425,2430
MesoMazePath,1503,1505,2449,2451
MesoMazeSpiderTurn,1503,1508,2428,2433
MesoMazeSpiderTurn,1515,1520,2449,2454
MesoMazePath,1503,1505,2434,2436
MesoMazePath,1524,1526,2434,2436
MesoMazePath,1530,1532,2455,2457
MesoMazeGrowth,1515,1520,2446,2451
MesoMazeStorage,1518,1523,2443,2448
MesoMazePath,1524,1526,2443,2445
MesoMazePath,1515,1517,2440,2442
MesoMazePath,1530,1532,2458,2460
MesoMazePath,1503,1505,2452,2454
MesoMazePath,1521,1523,2449,2451
MesoMazePath,1524,1526,2446,2448
MesoMazePath,1518,1520,2452,2454
MesoMazePath,1506,1508,2440,2442
MesoMazePath,1524,1526,2449,2451
MesoMazePath,1512,1514,2449,2451
MesoMazePath,1512,1514,2446,2448
MesoMazePath,1512,1514,2443,2445
MesoMazePath,1512,1514,2452,2454
MesoMazePath,1500,1502,2428,2430
MesoMazePath,1500,1502,2431,2433
MesoMazePath,1512,1514,2440,2442
MesoMazePath,1512,1514,2449,2451
MesoMazeSpiderTurn,1515,1520,2437,2442
MesoMazeStorage,1509,1514,2434,2439
MesoMazePath,1509,1511,2443,2445
MesoMazePath,1506,1508,2443,2445
MesoMazePath,1515,1517,2443,2445
MesoMazePath,1524,1526,2452,2454
MesoMazePath,1506,1508,2446,2448
MesoMazePath,1506,1508,2449,2451
MesoMazePath,1518,1520,2443,2445
MesoMazePath,1518,1520,2440,2442
MesoMazePath,1518,1520,2455,2457
MesoMazePath,1509,1511,2449,2451
MesoMazePath,1521,1523,2455,2457
MesoMazePath,1506,1508,2452,2454
MesoMazePath,1515,1517,2434,2436
MesoMazePath,1509,1511,2446,2448
MesoMazePath,1518,1520,2434,2436
MesoMazePath,1509,1511,2440,2442
MesoMazePath,1521,1523,2434,2436
MesoMazePath,1524,1526,2434,2436
MesoMazePath,1509,1511,2452,2454
MesoMazePath,1524,1526,2437,2439
MesoMazePath,1521,1523,2437,2439
MesoMazePath,1521,1523,2440,2442
MesoMazePath,1524,1526,2455,2457
MesoMazePath,1524,1526,2440,2442
MesoMazePath,1524,1526,2452,2454
MesoMazePath,1524,1526,2437,2439
TemplePyramid,1482,1544,2410,2472
DinosaurSkull,1238,1249,2207,2226
P_TempleOfErolith,1203,1296,2224,2306
RLCraft_LargeUndergroundTown,1235,1372,2241,2354
RLCraft_DecentWitch,1264,1264,2362,2362
RLCraft_UndergroundRuin2,1259,1269,2357,2364
RLCraft_Lyquix,1312,1328,2500,2516
SeasonsGreenhouse,1239,1251,2385,2395
VillageInn,1218,1245,2399,2419
VillageMarketplace,1218,1232,2384,2398
P_VillageInn,1202,1213,2374,2383
SeasonsGreenhouse,1190,1202,2343,2353
RLCraft_BasicSpider,1196,1196,2498,2498
RLCraft_UndergroundRuin1,1190,1199,2495,2504
VillageWoodMill,1193,1206,2397,2413
VillageForgeLarge,1169,1185,2374,2386
DinosaurSkeleton,1151,1160,2481,2527
StoneMazePathBig,1089,1097,2416,2424
StoneMazeEndChest,1086,1088,2419,2421
StoneMazeShootingRange,1095,1103,2401,2406
StoneMazePath,1095,1097,2407,2409
StoneMazeStudy,1089,1103,2407,2415
StoneMazePath,1098,1100,2419,2421
StoneMazeEndChest,1098,1100,2416,2418
StoneMazePath,1098,1100,2422,2424
StoneMazePath,1101,1103,2422,2424
StoneMazePath,1104,1106,2410,2412
StoneMazePath,1101,1103,2419,2421
StoneMazePath,1104,1106,2422,2424
StoneMazePath,1104,1106,2419,2421
StoneMazePath,1104,1106,2416,2418
StoneMazePath,1104,1106,2413,2415
StoneMazeSmall,1083,1106,2401,2424
RLCraft_BasicSpider,1078,1078,2476,2476
RLCraft_UndergroundRuin1,1075,1084,2470,2479
StonePlantMound2,1028,1040,2397,2410
StonePlantMound,1179,1184,2053,2058
