RLCraft_UndergroundFarm,14339,14382,3303,3345
RLCraft_BasicCaveSpider,14533,14533,3306,3306
RLCraft_UndergroundRuin1,14530,14539,3300,3309
RLCraft_DecentSkeleton,14542,14542,3439,3439
RLCraft_UndergroundRuin2,14537,14547,3437,3444
ShrineSmallAir,14597,14605,3335,3343
RLCraft_DecentZombie,14720,14720,3463,3463
RLCraft_UndergroundRuin2,14715,14725,3461,3468
StoneMazePathBig,14727,14735,3325,3333
StoneMazeFountain,14769,14777,3334,3342
StoneMazeFountain,14757,14765,3283,3291
StoneMazePath,14784,14786,3316,3318
StoneMazePath,14754,14756,3286,3288
StoneMazeSpiderRoom,14781,14786,3310,3315
StoneMazeStudy,14727,14735,3310,3324
StoneMazePath,14751,14753,3286,3288
StoneMazeFountain,14736,14744,3325,3333
StoneMazeShootingRange,14733,14741,3337,3342
StoneMazePath,14784,14786,3295,3297
StoneMazePath,14754,14756,3289,3291
StoneMazePath,14739,14741,3334,3336
StoneMazePathBig,14766,14774,3283,3291
StoneMazePath,14784,14786,3298,3300
StoneMazePath,14754,14756,3283,3285
StoneMazePath,14778,14780,3337,3339
StoneMazePath,14781,14783,3316,3318
StoneMazeFountain,14739,14747,3283,3291
StoneMazePath,14748,14750,3286,3288
StoneMazePath,14751,14753,3283,3285
StoneMazeEndChest,14778,14780,3340,3342
StoneMazePath,14730,14732,3334,3336
StoneMazePath,14778,14780,3334,3336
StoneMazePath,14784,14786,3301,3303
StoneMazePathBig,14739,14747,3292,3300
StoneMazePath,14733,14735,3316,3318
StoneMazePathBig,14760,14768,3334,3342
StoneMazePath,14742,14744,3301,3303
StoneMazePath,14733,14735,3334,3336
StoneMazePath,14748,14750,3283,3285
StoneMazePath,14745,14747,3301,3303
StoneMazeStudy,14739,14747,3304,3318
StoneMazePath,14757,14759,3337,3339
StoneMazePath,14736,14738,3334,3336
StoneMazePath,14736,14738,3286,3288
StoneMazePath,14739,14741,3310,3312
StoneMazeLitRoom,14778,14783,3319,3324
StoneMazePath,14784,14786,3319,3321
StoneMazePath,14736,14738,3289,3291
StoneMazeShootingRange,14751,14759,3331,3336
StoneMazePath,14775,14777,3319,3321
StoneMazeShootingRange,14769,14774,3313,3321
StoneMazePath,14781,14783,3325,3327
StoneMazePathBig,14754,14762,3322,3330
StoneMazePath,14775,14777,3322,3324
StoneMazePath,14727,14729,3334,3336
StoneMazePath,14784,14786,3322,3324
StoneMazePath,14784,14786,3325,3327
StoneMazePath,14757,14759,3340,3342
StoneMazePathBig,14754,14762,3313,3321
StoneMazePath,14754,14756,3340,3342
StoneMazeEndChest,14739,14741,3301,3303
StoneMazePath,14736,14738,3283,3285
StoneMazePath,14733,14735,3283,3285
StoneMazeEndChest,14751,14753,3340,3342
StoneMazeSpiderRoom,14748,14753,3298,3303
StoneMazePath,14775,14777,3316,3318
StoneMazePath,14778,14780,3325,3327
StoneMazeShootingRange,14769,14777,3325,3330
StoneMazePath,14778,14780,3328,3330
StoneMazePathBig,14727,14735,3301,3309
StoneMazePath,14778,14780,3331,3333
StoneMazePath,14730,14732,3283,3285
StoneMazePath,14775,14777,3331,3333
StoneMazePath,14763,14765,3316,3318
StoneMazePath,14754,14756,3337,3339
StoneMazeEndChest,14766,14768,3316,3318
StoneMazePath,14748,14750,3289,3291
StoneMazePath,14784,14786,3328,3330
StoneMazePath,14778,14780,3316,3318
StoneMazePath,14751,14753,3316,3318
StoneMazePath,14763,14765,3313,3315
StoneMazePath,14751,14753,3325,3327
StoneMazePath,14730,14732,3286,3288
StoneMazeEndChest,14730,14732,3289,3291
StoneMazeEndChest,14784,14786,3331,3333
StoneMazePath,14745,14747,3328,3330
StoneMazeEndChest,14751,14753,3328,3330
StoneMazePathBig,14775,14783,3298,3306
StoneMazePath,14778,14780,3295,3297
StoneMazePath,14736,14738,3304,3306
StoneMazePath,14748,14750,3316,3318
StoneMazeEndChest,14748,14750,3313,3315
StoneMazePath,14778,14780,3307,3309
StoneMazePath,14763,14765,3325,3327
StoneMazePath,14781,14783,3307,3309
StoneMazePath,14784,14786,3307,3309
StoneMazePath,14727,14729,3286,3288
StoneMazePath,14766,14768,3325,3327
StoneMazeEndChest,14775,14777,3313,3315
StoneMazeStudy,14754,14762,3298,3312
StoneMazePath,14763,14765,3328,3330
StoneMazePath,14733,14735,3286,3288
StoneMazeShootingRange,14742,14747,3334,3342
StoneMazeEndChest,14778,14780,3292,3294
StoneMazePath,14751,14753,3319,3321
StoneMazePath,14760,14762,3304,3306
StoneMazePath,14781,14783,3331,3333
StoneMazePath,14745,14747,3325,3327
StoneMazePath,14781,14783,3328,3330
StoneMazePath,14751,14753,3322,3324
StoneMazePath,14778,14780,3313,3315
StoneMazePath,14784,14786,3304,3306
StoneMazePath,14775,14777,3286,3288
StoneMazePath,14766,14768,3328,3330
StoneMazeEndChest,14730,14732,3337,3339
StoneMazePath,14748,14750,3328,3330
StoneMazeEndChest,14748,14750,3325,3327
StoneMazeEndChest,14766,14768,3313,3315
StoneMazePath,14778,14780,3310,3312
StoneMazePath,14733,14735,3289,3291
StoneMazePath,14748,14750,3334,3336
StoneMazeFountain,14766,14774,3298,3306
StoneMazePath,14766,14768,3331,3333
StoneMazePath,14769,14771,3331,3333
StoneMazeEndChest,14781,14783,3334,3336
StoneMazePath,14775,14777,3310,3312
StoneMazeSpiderRoom,14763,14768,3319,3324
StoneMazePath,14769,14771,3307,3309
StoneMazePath,14772,14774,3310,3312
StoneMazePath,14778,14780,3286,3288
StoneMazePath,14748,14750,3292,3294
StoneMazePath,14751,14753,3292,3294
StoneMazePath,14763,14765,3304,3306
StoneMazePath,14748,14750,3322,3324
StoneMazePath,14736,14738,3301,3303
StoneMazePath,14781,14783,3286,3288
StoneMazePath,14769,14771,3295,3297
StoneMazeEndChest,14775,14777,3307,3309
StoneMazePath,14748,14750,3331,3333
StoneMazePath,14769,14771,3310,3312
StoneMazePath,14745,14747,3322,3324
StoneMazePath,14784,14786,3286,3288
StoneMazePath,14766,14768,3295,3297
StoneMazePath,14736,14738,3307,3309
StoneMazePath,14748,14750,3295,3297
StoneMazeEndChest,14775,14777,3283,3285
StoneMazePath,14763,14765,3307,3309
StoneMazePath,14733,14735,3292,3294
StoneMazePath,14772,14774,3295,3297
StoneMazePath,14772,14774,3292,3294
StoneMazePath,14763,14765,3295,3297
StoneMazePath,14742,14744,3322,3324
StoneMazePath,14727,14729,3283,3285
StoneMazePath,14748,14750,3337,3339
StoneMazePath,14763,14765,3298,3300
StoneMazeEndChest,14772,14774,3331,3333
StoneMazePath,14766,14768,3310,3312
StoneMazePath,14766,14768,3307,3309
StoneMazeEndChest,14751,14753,3313,3315
StoneMazePath,14748,14750,3319,3321
StoneMazeEndChest,14775,14777,3295,3297
StoneMazePath,14739,14741,3322,3324
StoneMazeEndChest,14745,14747,3331,3333
StoneMazePath,14751,14753,3295,3297
StoneMazeEndChest,14763,14765,3301,3303
StoneMazePath,14748,14750,3340,3342
StoneMazePath,14736,14738,3292,3294
StoneMazePath,14736,14738,3310,3312
StoneMazePath,14754,14756,3295,3297
StoneMazePath,14775,14777,3292,3294
StoneMazePath,14739,14741,3319,3321
StoneMazeEndChest,14763,14765,3331,3333
StoneMazePath,14781,14783,3289,3291
StoneMazePath,14736,14738,3295,3297
StoneMazePath,14736,14738,3319,3321
StoneMazePath,14778,14780,3289,3291
StoneMazePath,14775,14777,3289,3291
StoneMazeEndChest,14745,14747,3319,3321
StoneMazePath,14736,14738,3298,3300
StoneMazePath,14781,14783,3292,3294
StoneMazeEndChest,14784,14786,3292,3294
StoneMazePath,14736,14738,3316,3318
StoneMazePath,14736,14738,3313,3315
StoneMazePath,14754,14756,3292,3294
StoneMazePath,14784,14786,3289,3291
StoneMazePath,14733,14735,3295,3297
StoneMazePath,14733,14735,3298,3300
StoneMazePath,14730,14732,3295,3297
StoneMazePath,14727,14729,3295,3297
StoneMazeEndChest,14730,14732,3298,3300
StoneMazePath,14730,14732,3292,3294
StoneMazePath,14727,14729,3292,3294
StoneMazePath,14727,14729,3298,3300
StoneMazeEndChest,14727,14729,3289,3291
StoneMazeHuge,14727,14786,3283,3342
P_SmallShip,14781,14801,3411,3417
