StonePlantMound,1629,1634,4447,4452
MesoMazeZombieTable,1652,1657,4427,4432
MesoMazeCorridorCollapse,1649,1651,4415,4420
MesoMazeStairCorridor,1655,1657,4421,4426
MesoMazePath,1649,1651,4412,4414
MesoMazePath,1655,1657,4418,4420
MesoMazeZombieTable,1649,1654,4421,4426
MesoMazeSpiderTurn,1646,1651,4406,4411
MesoMazeGrowth,1652,1657,4409,4414
MesoMazePath,1658,1660,4418,4420
MesoMazePath,1652,1654,4418,4420
MesoMazePath,1646,1648,4412,4414
MesoMazeStairCorridor,1640,1645,4412,4414
MesoMazeGrowth,1658,1663,4406,4411
MesoMazePath,1652,1654,4415,4417
MesoMazeGrowth,1649,1654,4409,4414
MesoMazePath,1655,1657,4415,4417
MesoMazeSpiderTurn,1655,1660,4409,4414
MesoMazeStairTurn,1661,1666,4412,4417
MesoMazeCorridorCollapse,1646,1648,4415,4420
MesoMazePath,1658,1660,4415,4417
MesoMazePath,1643,1645,4406,4408
MesoMazeStairCorridor,1640,1645,4409,4411
MesoMazeSpiderTurn,1634,1639,4409,4414
MesoMazePath,1646,1648,4412,4414
MesoMazeStorage,1643,1648,4421,4426
MesoMazeCorridorCollapse,1637,1639,4415,4420
MesoMazePath,1646,1648,4409,4411
MesoMazePath,1640,1642,4421,4423
MesoMazeStairCorridor,1652,1654,4403,4408
MesoMazePath,1643,1645,4418,4420
MesoMazePath,1640,1642,4418,4420
MesoMazePath,1661,1663,4409,4411
MesoMazePath,1637,1639,4421,4423
MesoMazePath,1643,1645,4403,4405
MesoMazePath,1652,1654,4400,4402
MesoMazeSpiderTurn,1664,1669,4406,4411
MesoMazePath,1664,1666,4418,4420
MesoMazePath,1646,1648,4421,4423
MesoMazeGrowth,1637,1642,4424,4429
MesoMazePath,1661,1663,4406,4408
MesoMazeSpiderTurn,1661,1666,4400,4405
MesoMazeGrowth,1643,1648,4403,4408
MesoMazePath,1643,1645,4421,4423
MesoMazeStairCorridor,1637,1642,4403,4405
MesoMazeStorage,1667,1672,4400,4405
MesoMazeGrowth,1631,1636,4403,4408
MesoMazeGrowth,1634,1639,4409,4414
MesoMazeZombieTable,1670,1675,4406,4411
MesoMazeZombieTable,1631,1636,4403,4408
MesoMazeSpiderTurn,1631,1636,4415,4420
MesoMazeStairCorridor,1631,1633,4409,4414
MesoMazePath,1640,1642,4421,4423
MesoMazeStorage,1634,1639,4421,4426
MesoMazeGrowth,1664,1669,4421,4426
MesoMazePath,1673,1675,4403,4405
MesoMazeGrowth,1664,1669,4406,4411
MesoMazeStorage,1667,1672,4415,4420
MesoMazePath,1634,1636,4418,4420
MesoMazeZombieTable,1631,1636,4427,4432
MesoMazePath,1643,1645,4400,4402
MesoMazePath,1628,1630,4415,4417
MesoMazeSpiderTurn,1670,1675,4409,4414
MesoMazeCorridorCollapse,1667,1669,4427,4432
MesoMazeGrowth,1661,1666,4418,4423
MesoMazePath,1667,1669,4421,4423
MesoMazeStorage,1670,1675,4421,4426
MesoMazePath,1628,1630,4418,4420
MesoMazePath,1658,1660,4406,4408
MesoMazePath,1640,1642,4424,4426
MesoMazeZombieTable,1640,1645,4427,4432
MesoMazeGrowth,1637,1642,4430,4435
MesoMazeStairCorridor,1673,1675,4415,4420
MesoMazePath,1667,1669,4424,4426
MesoMazePath,1628,1630,4406,4408
MesoMazeZombieTable,1670,1675,4403,4408
MesoMazePath,1655,1657,4406,4408
MesoMazePath,1673,1675,4400,4402
MesoMazePath,1640,1642,4400,4402
MesoMazePath,1667,1669,4418,4420
MesoMazePath,1667,1669,4412,4414
MesoMazeStairCorridor,1628,1630,4421,4426
MesoMazeStairCorridor,1628,1630,4427,4432
MesoMazeCorridorCollapse,1634,1639,4400,4402
MesoMazePath,1673,1675,4412,4414
MesoMazePath,1628,1630,4403,4405
MesoMazeGrowth,1628,1633,4433,4438
MesoMazePath,1628,1630,4400,4402
MesoMazePath,1670,1672,4412,4414
MesoMazePath,1631,1633,4439,4441
MesoMazePath,1640,1642,4400,4402
MesoMazePath,1658,1660,4421,4423
MesoMazeCorridorCollapse,1658,1660,4424,4429
MesoMazePath,1631,1633,4400,4402
MesoMazePath,1643,1645,4424,4426
MesoMazePath,1667,1669,4412,4414
MesoMazePath,1655,1657,4403,4405
MesoMazeCorridorCollapse,1667,1669,4433,4438
MesoMazeStorage,1664,1669,4439,4444
MesoMazeSpiderTurn,1658,1663,4430,4435
MesoMazePath,1655,1657,4433,4435
MesoMazeStairCorridor,1658,1663,4442,4444
MesoMazeGrowth,1652,1657,4427,4432
MesoMazeStairTurn,1631,1636,4442,4447
MesoMazeZombieTable,1652,1657,4442,4447
MesoMazePath,1661,1663,4427,4429
MesoMazePath,1658,1660,4421,4423
MesoMazeStairCorridor,1664,1666,4433,4438
MesoMazePath,1658,1660,4403,4405
MesoMazePath,1652,1654,4433,4435
MesoMazePath,1628,1630,4442,4444
MesoMazeCorridorCollapse,1658,1663,4439,4441
MesoMazePath,1637,1639,4445,4447
MesoMazePath,1664,1666,4430,4432
MesoMazeCorridorCollapse,1652,1657,4439,4441
MesoMazeSpiderTurn,1646,1651,4439,4444
MesoMazePath,1643,1645,4400,4402
MesoMazeGrowth,1652,1657,4442,4447
MesoMazeSpiderTurn,1667,1672,4439,4444
MesoMazeCorridorCollapse,1670,1672,4433,4438
MesoMazePath,1673,1675,4442,4444
MesoMazePath,1649,1651,4445,4447
MesoMazePath,1670,1672,4430,4432
MesoMazePath,1658,1660,4400,4402
MesoMazePath,1670,1672,4430,4432
MesoMazePath,1673,1675,4430,4432
MesoMazePath,1640,1642,4445,4447
MesoMazePath,1655,1657,4400,4402
MesoMazePath,1664,1666,4439,4441
MesoMazePath,1637,1639,4442,4444
MesoMazePath,1661,1663,4424,4426
MesoMazeCorridorCollapse,1658,1663,4445,4447
MesoMazeStairTurn,1637,1642,4436,4441
MesoMazePath,1664,1666,4427,4429
MesoMazePath,1628,1630,4445,4447
MesoMazePath,1670,1672,4439,4441
MesoMazeZombieTable,1670,1675,4442,4447
MesoMazePath,1646,1648,4445,4447
MesoMazePath,1673,1675,4427,4429
MesoMazePath,1661,1663,4421,4423
MesoMazePath,1646,1648,4400,4402
MesoMazeStorage,1646,1651,4436,4441
MesoMazePath,1673,1675,4439,4441
MesoMazePath,1658,1660,4430,4432
MesoMazePath,1661,1663,4418,4420
MesoMazePath,1673,1675,4433,4435
MesoMazePath,1646,1648,4442,4444
MesoMazePath,1673,1675,4445,4447
MesoMazePath,1670,1672,4445,4447
MesoMazePath,1652,1654,4436,4438
MesoMazePath,1670,1672,4427,4429
MesoMazePath,1673,1675,4436,4438
MesoMazeStairCorridor,1655,1660,4436,4438
MesoMazePath,1664,1666,4445,4447
MesoMazePath,1631,1633,4400,4402
MesoMazeGrowth,1643,1648,4430,4435
MesoMazePath,1673,1675,4439,4441
MesoMazePath,1667,1669,4445,4447
MesoMazePath,1649,1651,4430,4432
MesoMazePath,1667,1669,4445,4447
MesoMazePath,1649,1651,4427,4429
MesoMazePath,1649,1651,4442,4444
MesoMazePath,1649,1651,4433,4435
MesoMazePath,1664,1666,4442,4444
MesoMazePath,1661,1663,4436,4438
MesoMazePath,1643,1645,4442,4444
MesoMazePath,1643,1645,4436,4438
MesoMazePath,1640,1642,4442,4444
MesoMazePath,1661,1663,4433,4435
MesoMazePath,1640,1642,4433,4435
MesoMazePath,1643,1645,4439,4441
MesoMazePath,1664,1666,4445,4447
MesoMazePath,1658,1660,4433,4435
MesoMazePath,1643,1645,4433,4435
MesoMazePath,1655,1657,4433,4435
MesoMazePath,1652,1654,4433,4435
MesoMazeGrowth,1634,1639,4430,4435
MesoMazeStorage,1646,1651,4433,4438
MesoMazePath,1631,1633,4430,4432
MesoMazePath,1631,1633,4427,4429
MesoMazeZombieTable,1646,1651,4427,4432
MesoMazePath,1643,1645,4436,4438
MesoMazePath,1631,1633,4424,4426
MesoMazePath,1643,1645,4439,4441
MesoMazePath,1631,1633,4421,4423
MesoMazePath,1631,1633,4418,4420
MesoMazePagoda,1628,1675,4400,4447
RLCraft_DecentSkeleton,1637,1637,4320,4320
RLCraft_UndergroundRuin3,1634,1642,4318,4326
Tree_Oak_TheMushroomOak_v3,1548,1598,4413,4472
StonePlantMound1,1665,1671,4517,4523
StonePlantMound4,1700,1707,4529,4536
StonePlantBoulder,1633,1643,4574,4584
StonePlantMound4,1701,1708,4567,4574
Tree_Oak_TheMushroomOak_v3,1723,1782,4571,4621
StoneBoulder,1851,1860,4593,4602
