P_MayanTemple1,3909,3939,1996,2042
RLCraft_SmallUndergroundSkeleton,4065,4073,1971,1979
ShrineSmallFire,4086,4096,1883,1893
RLCraft_BasicCaveSpider,3900,3900,1834,1834
RLCraft_UndergroundRuin1,3894,3903,1831,1840
UndergroundCultChamber,3814,3856,2024,2056
RLCraft_BasicZombie,4029,4029,1792,1792
RLCraft_UndergroundRuin1,4023,4032,1789,1798
MeteorSite,3767,3797,1856,1871
RLCraft_BasicWitch,3654,3654,1797,1797
RLCraft_UndergroundRuin1,3651,3660,1794,1803
StonePlantMound,3668,3673,2039,2044
RLCraft_DecentSkeleton,3601,3601,1896,1896
RLCraft_UndergroundRuin3,3598,3606,1894,1902
JokerTower,3637,3645,1755,1763
ShrineSmallAir,3783,3791,1760,1768
DinosaurSkeleton,3855,3864,1627,1673
MesoMazePath,3905,3907,1678,1680
MesoMazeCorridorCollapse,3908,3913,1678,1680
MesoMazeCorridorCollapse,3905,3907,1672,1677
MesoMazeSpiderTurn,3902,3907,1666,1671
MesoMazePath,3905,3907,1678,1680
MesoMazePath,3914,3916,1678,1680
MesoMazeStairCorridor,3908,3913,1669,1671
MesoMazeZombieTable,3899,3904,1672,1677
MesoMazePath,3899,3901,1669,1671
MesoMazeSpiderTurn,3899,3904,1678,1683
MesoMazePath,3905,3907,1669,1671
MesoMazeZombieTable,3914,3919,1669,1674
MesoMazePath,3911,3913,1672,1674
MesoMazePath,3908,3910,1672,1674
MesoMazeCorridorCollapse,3908,3913,1666,1668
MesoMazePath,3908,3910,1675,1677
MesoMazePath,3905,3907,1681,1683
MesoMazeStorage,3914,3919,1675,1680
MesoMazePath,3902,3904,1684,1686
MesoMazePath,3899,3901,1684,1686
MesoMazeCorridorCollapse,3905,3910,1684,1686
MesoMazeZombieTable,3908,3913,1672,1677
MesoMazeGrowth,3896,3901,1663,1668
MesoMazePath,3896,3898,1684,1686
MesoMazeStairCorridor,3914,3916,1681,1686
MesoMazeGrowth,3914,3919,1669,1674
MesoMazeCorridorCollapse,3917,3919,1681,1686
MesoMazePath,3911,3913,1684,1686
MesoMazePath,3911,3913,1687,1689
MesoMazePath,3908,3910,1687,1689
MesoMazeStairCorridor,3893,3898,1669,1671
MesoMazePath,3911,3913,1684,1686
MesoMazePath,3914,3916,1666,1668
MesoMazeGrowth,3914,3919,1663,1668
MesoMazePath,3905,3907,1666,1668
MesoMazePath,3902,3904,1669,1671
MesoMazeGrowth,3893,3898,1681,1686
MesoMazeSpiderTurn,3914,3919,1687,1692
MesoMazeGrowth,3908,3913,1687,1692
MesoMazePath,3899,3901,1669,1671
MesoMazePath,3911,3913,1681,1683
MesoMazePath,3902,3904,1672,1674
MesoMazeStorage,3893,3898,1657,1662
MesoMazeGrowth,3887,3892,1684,1689
MesoMazeSpiderTurn,3917,3922,1687,1692
MesoMazeSpiderTurn,3920,3925,1690,1695
MesoMazeSpiderTurn,3902,3907,1660,1665
MesoMazeSpiderTurn,3881,3886,1687,1692
MesoMazePath,3920,3922,1687,1689
MesoMazeGrowth,3917,3922,1675,1680
MesoMazePath,3899,3901,1672,1674
MesoMazeStairCorridor,3881,3883,1693,1698
MesoMazeStairTurn,3887,3892,1666,1671
MesoMazePath,3911,3913,1690,1692
MesoMazeStorage,3881,3886,1699,1704
MesoMazePath,3914,3916,1690,1692
MesoMazeGrowth,3884,3889,1693,1698
MesoMazeStairTurn,3890,3895,1672,1677
MesoMazeZombieTable,3899,3904,1684,1689
MesoMazeStairCorridor,3884,3889,1672,1674
MesoMazeStorage,3911,3916,1693,1698
MesoMazeZombieTable,3896,3901,1660,1665
MesoMazeStairTurn,3905,3910,1696,1701
MesoMazePath,3905,3907,1702,1704
MesoMazeSpiderTurn,3914,3919,1660,1665
MesoMazeSpiderTurn,3920,3925,1660,1665
MesoMazePath,3905,3907,1687,1689
MesoMazeZombieTable,3914,3919,1657,1662
MesoMazePath,3908,3910,1681,1683
MesoMazePath,3923,3925,1687,1689
MesoMazePath,3896,3898,1675,1677
MesoMazePath,3902,3904,1666,1668
MesoMazePath,3881,3883,1672,1674
MesoMazePath,3923,3925,1684,1686
MesoMazePath,3920,3922,1669,1671
MesoMazePath,3908,3910,1693,1695
MesoMazeStairCorridor,3908,3913,1702,1704
MesoMazePath,3920,3922,1666,1668
MesoMazePath,3896,3898,1672,1674
MesoMazePath,3902,3904,1702,1704
MesoMazePath,3878,3880,1702,1704
MesoMazePath,3878,3880,1672,1674
MesoMazePath,3908,3910,1693,1695
MesoMazePath,3920,3922,1660,1662
MesoMazeStorage,3899,3904,1687,1692
MesoMazePath,3893,3895,1663,1665
MesoMazeCorridorCollapse,3878,3880,1675,1680
MesoMazePath,3893,3895,1666,1668
MesoMazePath,3908,3910,1681,1683
MesoMazeSpiderTurn,3887,3892,1687,1692
MesoMazePath,3923,3925,1660,1662
MesoMazeStairCorridor,3881,3883,1675,1680
MesoMazeZombieTable,3881,3886,1687,1692
MesoMazeCorridorCollapse,3902,3907,1693,1695
MesoMazePath,3914,3916,1687,1689
MesoMazeStairTurn,3881,3886,1666,1671
MesoMazePath,3920,3922,1657,1659
MesoMazePath,3899,3901,1666,1668
MesoMazePath,3920,3922,1663,1665
MesoMazePath,3923,3925,1669,1671
MesoMazePath,3920,3922,1657,1659
MesoMazeGrowth,3896,3901,1690,1695
MesoMazeStairTurn,3890,3895,1693,1698
MesoMazePath,3878,3880,1681,1683
MesoMazePath,3887,3889,1693,1695
MesoMazePath,3884,3886,1663,1665
MesoMazeZombieTable,3899,3904,1657,1662
MesoMazeStairCorridor,3896,3901,1696,1698
MesoMazePath,3884,3886,1660,1662
MesoMazePath,3917,3919,1666,1668
MesoMazePath,3920,3922,1684,1686
MesoMazeGrowth,3920,3925,1669,1674
MesoMazeSpiderTurn,3887,3892,1660,1665
MesoMazePath,3899,3901,1693,1695
MesoMazePath,3923,3925,1657,1659
MesoMazePath,3899,3901,1675,1677
MesoMazePath,3896,3898,1666,1668
MesoMazePath,3923,3925,1657,1659
MesoMazeSpiderTurn,3914,3919,1699,1704
MesoMazePath,3878,3880,1672,1674
MesoMazePath,3923,3925,1666,1668
MesoMazePath,3902,3904,1675,1677
MesoMazePath,3893,3895,1690,1692
MesoMazePath,3905,3907,1690,1692
MesoMazeSpiderTurn,3878,3883,1681,1686
MesoMazePath,3911,3913,1681,1683
MesoMazePath,3887,3889,1657,1659
MesoMazePath,3890,3892,1657,1659
MesoMazePath,3881,3883,1681,1683
MesoMazeStorage,3914,3919,1693,1698
MesoMazePath,3884,3886,1693,1695
MesoMazePath,3881,3883,1672,1674
MesoMazeStorage,3878,3883,1657,1662
MesoMazeGrowth,3893,3898,1678,1683
MesoMazePath,3896,3898,1693,1695
MesoMazePath,3923,3925,1666,1668
MesoMazePath,3884,3886,1657,1659
MesoMazePath,3896,3898,1675,1677
MesoMazePath,3878,3880,1663,1665
MesoMazePath,3893,3895,1684,1686
MesoMazePath,3908,3910,1690,1692
MesoMazePath,3911,3913,1693,1695
MesoMazePath,3881,3883,1663,1665
MesoMazePath,3911,3913,1699,1701
MesoMazeCorridorCollapse,3878,3880,1666,1671
MesoMazePath,3905,3907,1690,1692
MesoMazeGrowth,3896,3901,1699,1704
MesoMazePath,3878,3880,1699,1701
MesoMazePath,3902,3904,1696,1698
MesoMazePath,3905,3907,1687,1689
MesoMazeGrowth,3878,3883,1660,1665
MesoMazePath,3920,3922,1696,1698
MesoMazePath,3911,3913,1696,1698
MesoMazePath,3893,3895,1687,1689
MesoMazePath,3896,3898,1678,1680
MesoMazePath,3887,3889,1690,1692
MesoMazePath,3893,3895,1666,1668
MesoMazePath,3884,3886,1681,1683
MesoMazePath,3923,3925,1696,1698
MesoMazePath,3893,3895,1678,1680
MesoMazePath,3878,3880,1696,1698
MesoMazePath,3884,3886,1684,1686
MesoMazeZombieTable,3920,3925,1681,1686
MesoMazeCorridorCollapse,3878,3880,1690,1695
MesoMazePath,3878,3880,1696,1698
MesoMazePath,3878,3880,1699,1701
MesoMazePath,3878,3880,1687,1689
MesoMazePath,3878,3880,1687,1689
MesoMazePath,3890,3892,1690,1692
MesoMazePath,3893,3895,1699,1701
MesoMazePath,3893,3895,1663,1665
MesoMazeStairCorridor,3887,3892,1699,1701
MesoMazePath,3884,3886,1699,1701
MesoMazePath,3923,3925,1681,1683
MesoMazePath,3902,3904,1699,1701
MesoMazePath,3884,3886,1678,1680
MesoMazePath,3893,3895,1690,1692
MesoMazePath,3896,3898,1690,1692
MesoMazePath,3893,3895,1660,1662
MesoMazeStairCorridor,3887,3892,1678,1680
MesoMazePath,3878,3880,1684,1686
MesoMazePath,3881,3883,1657,1659
MesoMazePath,3881,3883,1684,1686
MesoMazePath,3884,3886,1678,1680
MesoMazePath,3884,3886,1681,1683
MesoMazePath,3884,3886,1684,1686
MesoMazePath,3881,3883,1699,1701
MesoMazePath,3902,3904,1702,1704
MesoMazePath,3905,3907,1702,1704
MesoMazePath,3881,3883,1702,1704
MesoMazePath,3896,3898,1672,1674
MesoMazePath,3887,3889,1684,1686
MesoMazePath,3884,3886,1675,1677
MesoMazePath,3923,3925,1687,1689
MesoMazePath,3887,3889,1675,1677
MesoMazePath,3896,3898,1687,1689
MesoMazeGrowth,3884,3889,1657,1662
MesoMazePath,3884,3886,1702,1704
MesoMazePath,3887,3889,1702,1704
MesoMazePath,3887,3889,1681,1683
MesoMazePath,3878,3880,1702,1704
MesoMazePath,3890,3892,1681,1683
MesoMazePath,3890,3892,1684,1686
MesoMazePath,3890,3892,1660,1662
MesoMazePath,3878,3880,1657,1659
MesoMazePath,3890,3892,1657,1659
MesoMazePagoda,3878,3925,1657,1704
