RLCraft_BasicCaveSpider,4167,4167,2474,2474
RLCraft_UndergroundRuin1,4164,4173,2471,2480
RLCraft_BasicWitch,4175,4175,2433,2433
RLCraft_UndergroundRuin1,4169,4178,2427,2436
RLCraft_SmallUndergroundSkeleton,4247,4255,2347,2355
StoneMazePathBig,4118,4126,2322,2330
StoneMazePath,4115,4117,2325,2327
StoneMazePathBig,4127,4135,2322,2330
StoneMazePath,4130,4132,2319,2321
StoneMazePath,4127,4129,2319,2321
StoneMazePath,4112,4114,2325,2327
StoneMazePathBig,4118,4126,2331,2339
StoneMazePath,4127,4129,2334,2336
StoneMazePath,4127,4129,2316,2318
StoneMazePath,4130,4132,2331,2333
StoneMazePath,4133,4135,2331,2333
StoneMazePath,4115,4117,2334,2336
StoneMazePath,4115,4117,2337,2339
StoneMazePath,4127,4129,2337,2339
StoneMazePath,4130,4132,2334,2336
StoneMazeSpiderRoom,4130,4135,2313,2318
StoneMazeFountain,4115,4123,2307,2315
StoneMazePath,4121,4123,2340,2342
StoneMazePath,4112,4114,2322,2324
StoneMazePath,4112,4114,2328,2330
StoneMazePathBig,4115,4123,2298,2306
StoneMazePath,4115,4117,2328,2330
StoneMazePath,4115,4117,2331,2333
StoneMazePath,4112,4114,2319,2321
StoneMazePath,4127,4129,2313,2315
StoneMazePath,4130,4132,2337,2339
StoneMazeEndChest,4124,4126,2340,2342
StoneMazePath,4124,4126,2310,2312
StoneMazePath,4118,4120,2295,2297
StoneMazeShootingRange,4133,4138,2334,2342
StoneMazePath,4127,4129,2310,2312
StoneMazePath,4115,4117,2295,2297
StoneMazePath,4130,4132,2340,2342
StoneMazePath,4124,4126,2316,2318
StoneMazeSpiderRoom,4139,4144,2331,2336
StoneMazePath,4112,4114,2337,2339
StoneMazePath,4127,4129,2307,2309
StoneMazePath,4130,4132,2310,2312
StoneMazePath,4130,4132,2307,2309
StoneMazePath,4115,4117,2319,2321
StoneMazePath,4133,4135,2310,2312
StoneMazeEndChest,4124,4126,2307,2309
StoneMazePath,4109,4111,2337,2339
StoneMazePath,4112,4114,2334,2336
StoneMazePath,4124,4126,2319,2321
StoneMazePath,4133,4135,2307,2309
StoneMazePath,4109,4111,2334,2336
StoneMazeEndChest,4115,4117,2322,2324
StoneMazePathBig,4100,4108,2331,2339
StoneMazePath,4097,4099,2334,2336
StoneMazePath,4112,4114,2331,2333
StoneMazePath,4109,4111,2331,2333
StoneMazePath,4112,4114,2295,2297
StoneMazeSpiderRoom,4106,4111,2325,2330
StoneMazePath,4097,4099,2331,2333
StoneMazePath,4103,4105,2328,2330
StoneMazePath,4097,4099,2328,2330
StoneMazePath,4112,4114,2298,2300
StoneMazePath,4109,4111,2295,2297
StoneMazeShootingRange,4097,4105,2322,2327
StoneMazePath,4100,4102,2328,2330
StoneMazeLitRoom,4106,4111,2298,2303
StoneMazePath,4097,4099,2319,2321
StoneMazePath,4097,4099,2316,2318
StoneMazePath,4103,4105,2298,2300
StoneMazePath,4103,4105,2301,2303
StoneMazePath,4112,4114,2301,2303
StoneMazePath,4103,4105,2304,2306
StoneMazeEndChest,4097,4099,2313,2315
StoneMazePath,4100,4102,2298,2300
StoneMazePath,4103,4105,2340,2342
StoneMazePath,4100,4102,2304,2306
StoneMazePath,4100,4102,2301,2303
StoneMazePath,4109,4111,2304,2306
StoneMazeEndChest,4112,4114,2304,2306
StoneMazePath,4097,4099,2301,2303
StoneMazePath,4100,4102,2340,2342
StoneMazePathBig,4124,4132,2298,2306
StoneMazePath,4103,4105,2295,2297
StoneMazePathBig,4133,4141,2298,2306
StoneMazePath,4106,4108,2304,2306
StoneMazePath,4106,4108,2295,2297
StoneMazePath,4103,4105,2307,2309
StoneMazePath,4097,4099,2298,2300
StoneMazeSpiderRoom,4097,4102,2307,2312
StoneMazeEndChest,4136,4138,2295,2297
StoneMazePath,4136,4138,2307,2309
StoneMazePath,4142,4144,2301,2303
StoneMazePath,4142,4144,2304,2306
StoneMazePath,4100,4102,2295,2297
StoneMazePath,4097,4099,2340,2342
StoneMazeEndChest,4097,4099,2337,2339
StoneMazePath,4097,4099,2295,2297
StoneMazePath,4136,4138,2310,2312
StoneMazePath,4139,4141,2310,2312
StoneMazePath,4127,4129,2295,2297
StoneMazePath,4124,4126,2295,2297
StoneMazePath,4121,4123,2295,2297
StoneMazeEndChest,4142,4144,2298,2300
StoneMazePath,4142,4144,2307,2309
StoneMazePath,4142,4144,2310,2312
StoneMazePath,4142,4144,2313,2315
StoneMazePath,4139,4141,2313,2315
StoneMazePath,4136,4138,2313,2315
StoneMazePath,4136,4138,2316,2318
StoneMazePath,4130,4132,2295,2297
StoneMazeEndChest,4139,4141,2307,2309
StoneMazePath,4142,4144,2316,2318
StoneMazePath,4136,4138,2319,2321
StoneMazeEndChest,4133,4135,2295,2297
StoneMazePath,4139,4141,2319,2321
StoneMazePath,4142,4144,2319,2321
StoneMazePath,4139,4141,2316,2318
StoneMazeSpiderRoom,4136,4141,2322,2327
StoneMazePath,4133,4135,2319,2321
StoneMazePagoda,4097,4144,2295,2342
RLCraft_SmallUndergroundSkeleton,4249,4257,2329,2337
StatueTemple,4196,4298,2253,2324
DinosaurSkeleton,4100,4109,2107,2153
