StoneLeafMound,4328,4335,1022,1031
StoneLeafMound,4432,4439,1022,1031
StoneMazePath,4372,4374,1039,1041
StoneMazeLitRoom,4375,4380,1039,1044
StoneMazePath,4378,4380,1045,1047
StoneMazeEndChest,4375,4377,1036,1038
StoneMazePath,4375,4377,1045,1047
StoneMazeLitRoom,4381,4386,1036,1041
StoneMazePath,4381,4383,1033,1035
StoneMazePath,4378,4380,1036,1038
StoneMazePath,4381,4383,1042,1044
StoneMazeEndChest,4378,4380,1048,1050
StoneMazePath,4378,4380,1033,1035
StoneMazeEndChest,4375,4377,1033,1035
StoneMazePath,4375,4377,1048,1050
StoneMazePath,4372,4374,1048,1050
StoneMazePath,4381,4383,1030,1032
StoneMazePath,4381,4383,1045,1047
StoneMazePath,4375,4377,1051,1053
StoneMazePath,4372,4374,1045,1047
StoneMazePath,4387,4389,1036,1038
StoneMazePath,4393,4395,1042,1044
StoneMazePath,4390,4392,1036,1038
StoneMazePath,4387,4389,1033,1035
StoneMazePath,4387,4389,1039,1041
StoneMazePath,4390,4392,1033,1035
StoneMazePath,4384,4386,1033,1035
StoneMazePath,4390,4392,1039,1041
StoneMazePath,4372,4374,1036,1038
StoneMazePath,4393,4395,1045,1047
StoneMazePath,4393,4395,1048,1050
StoneMazePath,4378,4380,1051,1053
StoneMazePath,4384,4386,1042,1044
StoneMazeEndChest,4393,4395,1051,1053
StoneMazePath,4384,4386,1045,1047
StoneMazePath,4387,4389,1045,1047
StoneMazePath,4393,4395,1039,1041
StoneMazePath,4372,4374,1042,1044
StoneMazePath,4372,4374,1033,1035
StoneMazePath,4387,4389,1042,1044
StoneMazePath,4390,4392,1045,1047
StoneMazePath,4384,4386,1048,1050
StoneMazePath,4393,4395,1036,1038
StoneMazePath,4378,4380,1030,1032
StoneMazePath,4375,4377,1030,1032
StoneMazePath,4387,4389,1030,1032
StoneMazePath,4393,4395,1033,1035
StoneMazePath,4390,4392,1042,1044
StoneMazePath,4372,4374,1030,1032
StoneMazeEndChest,4384,4386,1030,1032
StoneMazePath,4390,4392,1030,1032
StoneMazePath,4381,4383,1048,1050
StoneMazePath,4384,4386,1051,1053
StoneMazePath,4381,4383,1051,1053
StoneMazePath,4393,4395,1030,1032
StoneMazeSmall,4372,4395,1030,1053
StoneLeafMound,4398,4405,1038,1047
AbandonedWoodTower,4239,4275,1062,1092
StoneLeafMound,4463,4472,1092,1099
StonePlantMound3,4597,4606,1237,1248
RLCraft_DecentZombie,4498,4498,1433,1433
RLCraft_UndergroundRuin3,4496,4504,1430,1438
SmallAbandonedMine,4493,4518,1437,1452
